N: 0 4.327022 72.267909
N: 1 2.842608 39.044804
N: 2 24.150079 24.441591
N: 3 2.020384 37.460941
N: 4 53.908477 52.746051
N: 5 17.325095 2.077830
N: 6 46.788620 18.743785
N: 7 93.965895 41.870905
N: 8 65.752894 5.797061
N: 9 14.271052 59.551835
N: 10 7.408919 24.540346
N: 11 39.146778 22.768180
N: 12 8.619830 59.429545
N: 13 87.933331 86.363485
N: 14 14.146247 2.104082
N: 15 25.117936 17.701779
N: 16 60.868350 30.811048
N: 17 26.800620 43.392718
N: 18 92.691432 14.971381
N: 19 97.874117 85.894580
N: 20 27.790195 75.026882
N: 21 19.998145 59.675031
N: 22 88.100741 97.061655
N: 23 68.066542 28.930951
N: 24 14.518169 0.663147
N: 25 79.441743 43.586245
N: 26 55.953863 51.124865
N: 27 15.406096 79.228002
N: 28 32.083980 80.079474
N: 29 86.827738 43.103745
N: 30 50.714079 23.831656
N: 31 54.086111 8.056980
N: 32 43.355032 0.845584
N: 33 8.867653 97.392674
N: 34 28.882646 89.375093
N: 35 17.022786 61.053438
N: 36 85.835007 62.229796
N: 37 56.752770 50.112063
N: 38 47.507282 80.037180
N: 39 44.684352 74.793975
G: 0 9
G: 9 3
G: 3 2
G: 2 1
G: 1 10
G: 10 5
G: 5 14
G: 14 15
G: 15 11
G: 11 6
G: 6 8
G: 8 16
G: 16 4
G: 4 17
G: 17 12
G: 12 20
G: 20 21
G: 21 27
G: 27 28
G: 28 35
G: 28 33
G: 33 34
G: 34 38
G: 38 39
G: 39 37
G: 37 30
G: 30 26
G: 26 25
G: 25 23
G: 23 18
G: 23 31
G: 31 32
G: 18 7
G: 32 24
G: 7 29
G: 29 36
G: 36 19
G: 19 13
G: 13 22
