N: 0 3,000000 8,000000
N: 1 11,000000 27,000000
N: 2 11,000000 42,000000
N: 3 9,000000 53,000000
N: 4 6,000000 64,000000
N: 5 11,000000 88,000000
N: 6 15,000000 11,000000
N: 7 20,000000 15,000000
N: 8 22,000000 38,000000
N: 9 25,000000 56,000000
N: 10 19,000000 68,000000
N: 11 24,000000 88,000000
N: 12 36,000000 12,000000
N: 13 30,000000 27,000000
N: 14 35,000000 38,000000
N: 15 33,000000 46,000000
N: 16 35,000000 73,000000
N: 17 43,000000 82,000000
N: 18 56,000000 8,000000
N: 19 59,000000 27,000000
N: 20 52,000000 38,000000
N: 21 48,000000 48,000000
N: 22 50,000000 66,000000
N: 23 48,000000 81,000000
N: 24 60,000000 8,000000
N: 25 68,000000 21,000000
N: 26 63,000000 43,000000
N: 27 64,000000 59,000000
N: 28 71,000000 72,000000
N: 29 74,000000 82,000000
N: 30 83,000000 13,000000
N: 31 86,000000 26,000000
N: 32 80,000000 33,000000
N: 33 88,000000 46,000000
N: 34 81,000000 70,000000
N: 35 81,000000 78,000000
