N: 0 74.619288 59.312297
N: 1 67.528779 65.041224
N: 2 17.144413 49.516922
N: 3 85.150770 55.930528
N: 4 88.519618 93.279000
N: 5 90.986977 72.405730
N: 6 14.298281 91.318889
N: 7 69.580406 34.379276
N: 8 19.796836 1.888002
N: 9 1.711303 97.455543
N: 10 90.614957 51.122083
N: 11 78.975237 81.171556
N: 12 22.928403 76.774406
N: 13 59.864412 71.959454
N: 14 56.430297 60.453168
N: 15 52.111564 77.566450
N: 16 39.768847 78.139574
N: 17 65.503867 98.187517
N: 18 63.015846 23.897993
N: 19 53.358291 5.962984
N: 20 41.863524 9.387561
N: 21 1.830466 2.943582
N: 22 63.065701 66.950186
N: 23 44.808572 99.268118
N: 24 81.981572 87.106740
N: 25 53.478086 3.198542
N: 26 18.739869 17.625521
N: 27 47.351529 27.434794
N: 28 78.714880 72.042096
N: 29 42.089941 0.015636
N: 30 18.328904 85.903005
N: 31 93.454114 46.150550
N: 32 24.303988 41.402465
N: 33 21.540594 46.706376
N: 34 58.856324 55.969298
N: 35 70.739332 48.989025
N: 36 45.886012 68.263612
N: 37 81.477342 54.766095
N: 38 80.865277 84.398301
N: 39 85.700867 47.863950
G: 0 37
G: 0 1
G: 0 35
G: 37 3
G: 1 28
G: 1 22
G: 35 7
G: 3 10
G: 22 13
G: 22 14
G: 28 11
G: 28 5
G: 7 18
G: 10 39
G: 10 31
G: 13 15
G: 14 34
G: 11 38
G: 18 27
G: 15 36
G: 38 24
G: 27 20
G: 24 17
G: 24 4
G: 36 16
G: 20 29
G: 16 12
G: 17 23
G: 29 25
G: 29 8
G: 12 30
G: 25 19
G: 8 21
G: 8 26
G: 30 6
G: 26 32
G: 6 9
G: 32 33
G: 33 2
N: 0 1.114883 48.130809
N: 1 66.633537 80.955082
N: 2 10.319146 61.035831
N: 3 90.689296 49.106293
N: 4 30.458067 6.502574
N: 5 5.233436 43.439238
N: 6 2.394715 21.831327
N: 7 6.885913 27.493614
N: 8 40.398128 40.043250
N: 9 59.057615 58.338212
N: 10 3.566084 67.542619
N: 11 93.435356 88.893490
N: 12 5.103821 18.037705
N: 13 66.782294 86.302845
N: 14 29.899659 98.473951
N: 15 18.172865 32.175911
N: 16 64.420249 60.262605
N: 17 38.975048 38.527485
N: 18 59.949461 48.316264
N: 19 73.909248 44.435864
N: 20 50.868385 49.251636
N: 21 13.484589 79.954182
N: 22 28.000586 3.441229
N: 23 47.166608 9.738510
N: 24 20.945288 1.948498
N: 25 52.644241 91.378614
N: 26 48.956500 1.642443
N: 27 91.848990 40.228819
N: 28 27.470537 86.871306
N: 29 4.839911 65.369100
N: 30 93.198007 69.111610
N: 31 81.863743 54.515223
N: 32 25.635534 83.800955
N: 33 58.732682 74.236879
N: 34 16.160277 57.435842
N: 35 49.811534 80.818576
N: 36 79.769298 55.976842
N: 37 78.596701 89.561457
N: 38 1.053442 89.102880
N: 39 25.668075 3.256095
G: 0 5
G: 0 2
G: 5 7
G: 2 29
G: 2 34
N: 0 17.664832 8.811913
N: 1 54.857747 9.079897
N: 2 32.437756 36.022925
N: 3 93.307061 61.967527
N: 4 40.758508 17.688306
N: 5 43.262333 94.617521
N: 6 51.459367 14.561401
N: 7 47.077226 34.036107
N: 8 79.598480 44.991530
N: 9 50.863281 26.520183
N: 10 16.481402 68.878640
N: 11 17.680289 75.228587
N: 12 29.796626 74.241060
N: 13 40.127875 91.849722
N: 14 86.189299 24.920130
N: 15 85.146517 14.413628
N: 16 85.953742 97.221596
N: 17 78.524007 93.056762
N: 18 55.005608 61.983873
N: 19 18.649888 36.102611
N: 20 63.790572 87.003442
N: 21 41.278218 97.895458
N: 22 18.411191 91.820550
N: 23 14.683065 73.430637
N: 24 89.014701 28.094717
N: 25 81.166581 73.115004
N: 26 96.725121 76.191064
N: 27 6.644455 20.541094
N: 28 56.524842 74.286005
N: 29 53.748105 15.902231
N: 30 36.970367 84.683414
N: 31 51.129269 89.981580
N: 32 2.723457 85.160235
N: 33 77.260509 19.353137
N: 34 3.691762 22.127881
N: 35 88.060235 99.163828
N: 36 21.632768 31.679049
N: 37 76.514659 57.422242
N: 38 50.361304 23.852321
N: 39 38.037141 47.533966
G: 0 27
G: 27 36
G: 27 34
N: 0 46.549192 34.034658
N: 1 25.882404 49.970503
N: 2 35.985024 80.027685
N: 3 52.959740 58.156303
N: 4 78.825032 38.838089
N: 5 20.597357 52.759300
N: 6 78.467240 67.792699
N: 7 23.290001 26.852567
N: 8 6.700648 32.654429
N: 9 93.152465 91.976479
N: 10 13.005510 56.169288
N: 11 2.015447 87.613197
N: 12 53.992087 15.297226
N: 13 46.279479 36.522479
N: 14 21.477175 66.757049
N: 15 95.759703 43.208053
N: 16 14.489405 5.961691
N: 17 26.945798 47.233672
N: 18 71.694590 79.896781
N: 19 97.710315 54.058043
N: 20 13.354421 50.280623
N: 21 45.719977 13.044789
N: 22 53.397752 18.948213
N: 23 61.127676 12.812684
N: 24 85.703671 54.779396
N: 25 6.626643 15.667876
N: 26 66.687291 10.687556
N: 27 32.110004 47.714505
N: 28 43.305877 0.344523
N: 29 38.086473 78.379656
N: 30 87.688797 36.313717
N: 31 47.859023 28.839807
N: 32 84.173480 78.699627
N: 33 75.571183 12.223569
N: 34 3.898447 17.231085
N: 35 26.474388 38.108852
N: 36 43.702670 72.584431
N: 37 30.697577 72.613471
N: 38 82.176024 6.363557
N: 39 46.790350 21.401644
G: 0 13
G: 0 31
G: 13 27
G: 31 39
N: 0 85.014216 16.641450
N: 1 90.546363 4.158105
N: 2 25.470963 66.019018
N: 3 84.423634 73.502334
N: 4 69.104381 80.725655
N: 5 42.577739 11.307917
N: 6 85.423946 65.261425
N: 7 18.762606 23.686191
N: 8 43.454357 56.935217
N: 9 84.041604 91.285919
N: 10 18.924151 29.405780
N: 11 76.798398 44.010982
N: 12 85.687510 5.882168
N: 13 78.040955 72.599258
N: 14 20.835722 57.577736
N: 15 68.947306 77.017052
N: 16 75.235576 98.672635
N: 17 12.308456 84.391914
N: 18 77.394170 36.679855
N: 19 40.585537 68.652177
N: 20 49.498363 67.091581
N: 21 32.209547 90.443368
N: 22 64.186464 49.438256
N: 23 96.406555 48.635301
N: 24 87.934249 21.524352
N: 25 0.640816 48.905682
N: 26 71.009676 73.017900
N: 27 64.287675 35.378024
N: 28 25.682113 55.244974
N: 29 7.463895 92.594831
N: 30 61.852852 4.946900
N: 31 67.524269 98.682919
N: 32 62.392083 91.319834
N: 33 2.576826 57.313399
N: 34 43.820472 46.403853
N: 35 48.463709 80.467061
N: 36 96.674833 31.958300
N: 37 25.859676 73.503398
N: 38 76.344863 58.328703
N: 39 70.108216 68.207550
G: 0 24
G: 0 12
G: 24 18
G: 24 36
G: 12 30
G: 12 1
N: 0 38.456251 79.222579
N: 1 74.851408 83.159702
N: 2 7.521374 39.381940
N: 3 26.876651 39.027731
N: 4 7.680632 59.745085
N: 5 50.555542 73.256883
N: 6 4.289559 97.977836
N: 7 10.538742 35.340883
N: 8 3.264993 25.724291
N: 9 65.795035 38.576806
N: 10 58.090491 68.162720
N: 11 8.614801 7.641238
N: 12 0.046875 76.567415
N: 13 12.499677 69.157239
N: 14 81.684613 85.102776
N: 15 90.371633 70.027909
N: 16 20.435141 4.800070
N: 17 78.296887 37.127214
N: 18 53.067096 55.425088
N: 19 92.272145 21.331341
N: 20 30.943065 17.820265
N: 21 52.748498 37.975552
N: 22 13.746945 23.148358
N: 23 96.530341 47.517039
N: 24 12.464353 77.437843
N: 25 68.982797 82.760873
N: 26 79.372589 25.438737
N: 27 61.379895 11.163594
N: 28 83.266878 44.412102
N: 29 37.174955 57.609887
N: 30 56.966078 72.795358
N: 31 59.102089 70.654896
N: 32 84.269044 6.624962
N: 33 70.277401 73.106725
N: 34 49.744803 45.780168
N: 35 66.459807 98.062171
N: 36 62.656908 48.300113
N: 37 98.161016 64.098323
N: 38 61.908179 53.509092
N: 39 3.023293 72.691127
G: 0 5
G: 5 30
N: 0 61.833423 16.215145
N: 1 24.622802 9.161586
N: 2 19.068499 25.901622
N: 3 30.606505 57.019722
N: 4 4.551309 64.754605
N: 5 66.980780 39.258806
N: 6 26.370040 26.571430
N: 7 80.913400 64.661925
N: 8 16.080930 5.337179
N: 9 60.121461 6.703084
N: 10 35.739930 1.077274
N: 11 57.689126 92.554708
N: 12 36.078664 26.230442
N: 13 41.720721 62.193375
N: 14 20.543320 53.155883
N: 15 41.752512 65.296540
N: 16 24.193511 7.528528
N: 17 5.699725 57.381015
N: 18 22.030672 79.134165
N: 19 51.442469 92.110496
N: 20 76.118992 33.349701
N: 21 16.107603 44.744520
N: 22 78.165268 43.303337
N: 23 93.248166 95.212086
N: 24 64.113631 78.535719
N: 25 85.366774 77.418298
N: 26 7.982011 80.569390
N: 27 20.683196 43.131709
N: 28 83.927688 6.288828
N: 29 66.754333 43.493836
N: 30 21.630573 32.330478
N: 31 87.829153 91.078914
N: 32 78.335610 34.122944
N: 33 52.796679 17.643875
N: 34 41.774020 69.767526
N: 35 4.185779 55.435144
N: 36 55.823178 82.324772
N: 37 14.313136 45.661244
N: 38 26.009807 28.094657
N: 39 33.046649 75.497148
G: 0 33
G: 0 9
G: 33 12
G: 9 28
N: 0 48.297688 90.750007
N: 1 78.766460 9.119127
N: 2 21.647684 41.946469
N: 3 72.226919 27.140162
N: 4 66.673359 61.200209
N: 5 2.114978 45.040058
N: 6 63.477519 73.981430
N: 7 68.849439 68.673062
N: 8 46.357316 81.248973
N: 9 79.765659 20.782699
N: 10 42.363371 36.533762
N: 11 71.386370 68.492156
N: 12 43.521029 54.409523
N: 13 92.868245 49.386357
N: 14 20.644990 27.260418
N: 15 89.121870 70.264012
N: 16 79.142256 21.896610
N: 17 28.933934 52.570863
N: 18 51.550468 80.606065
N: 19 7.705789 54.570312
N: 20 68.615804 93.862071
N: 21 63.124589 64.188693
N: 22 93.288927 78.326496
N: 23 32.717886 77.975116
N: 24 35.750281 99.053737
N: 25 84.854217 13.134463
N: 26 37.704313 99.399195
N: 27 58.267593 85.037075
N: 28 98.088783 5.287720
N: 29 63.882280 23.075546
N: 30 44.734705 10.801860
N: 31 47.013474 60.351953
N: 32 82.084786 79.844374
N: 33 31.833924 82.163248
N: 34 88.651611 38.777967
N: 35 76.756282 82.524484
N: 36 76.178057 26.981086
N: 37 47.300806 96.999150
N: 38 12.257294 11.508065
N: 39 75.736087 85.628153
G: 0 37
G: 0 8
G: 37 26
G: 8 23
G: 8 18
G: 18 27
G: 26 24
G: 23 33
G: 27 20
G: 27 6
G: 6 7
G: 20 39
G: 7 21
G: 7 11
G: 39 35
G: 21 4
G: 21 31
G: 35 32
G: 32 22
G: 31 12
G: 22 15
G: 12 17
G: 12 10
G: 15 13
G: 17 2
G: 13 34
G: 2 14
G: 2 19
G: 34 36
G: 14 38
G: 19 5
G: 36 3
G: 36 16
G: 3 29
G: 16 9
G: 9 25
G: 29 30
G: 25 28
G: 25 1
N: 0 72.442533 85.161547
N: 1 60.550111 43.907442
N: 2 25.390104 59.606103
N: 3 15.981357 17.519259
N: 4 23.475984 56.982049
N: 5 13.140811 23.628969
N: 6 49.625259 35.102759
N: 7 72.798984 44.109450
N: 8 40.695595 15.120443
N: 9 78.103932 82.026639
N: 10 42.961175 5.233691
N: 11 45.940916 77.484897
N: 12 60.985217 93.072604
N: 13 77.432099 23.458795
N: 14 60.195846 7.134998
N: 15 40.652791 8.110766
N: 16 0.033278 76.015159
N: 17 76.682962 74.953926
N: 18 23.333899 92.255815
N: 19 64.572103 17.033811
N: 20 69.135567 0.710639
N: 21 11.400703 85.100082
N: 22 32.219377 74.183516
N: 23 97.339851 43.483199
N: 24 46.348569 90.143271
N: 25 93.414474 51.233624
N: 26 30.892555 57.293859
N: 27 50.412145 25.734506
N: 28 95.343136 69.929555
N: 29 10.154041 51.412484
N: 30 56.078300 76.778135
N: 31 84.391588 33.649487
N: 32 20.597155 35.424233
N: 33 93.844167 77.086196
N: 34 55.150385 98.874933
N: 35 54.911788 90.016240
N: 36 17.925893 95.064052
N: 37 87.342290 58.093962
N: 38 1.350028 81.470936
N: 39 64.194065 34.805262
G: 0 9
G: 0 12
G: 9 33
G: 9 17
G: 12 34
G: 12 35
G: 35 24
G: 33 28
G: 24 11
G: 28 37
G: 11 30
G: 11 22
G: 37 25
G: 25 23
G: 22 18
G: 22 2
G: 23 31
G: 2 4
G: 2 26
G: 18 36
G: 4 29
G: 31 7
G: 31 13
G: 36 21
G: 29 32
G: 13 19
G: 7 1
G: 21 38
G: 19 14
G: 38 16
G: 1 6
G: 1 39
G: 32 5
G: 14 20
G: 6 27
G: 5 3
G: 27 8
G: 8 15
G: 15 10
N: 0 1.811629 28.238156
N: 1 27.917332 82.445247
N: 2 87.725629 90.596911
N: 3 27.864640 26.375867
N: 4 66.599581 39.407564
N: 5 94.062756 51.885240
N: 6 20.026478 58.343564
N: 7 63.018674 72.192480
N: 8 23.851038 57.918487
N: 9 92.783110 9.164638
N: 10 75.862323 37.456816
N: 11 85.164689 58.414627
N: 12 11.729682 21.599868
N: 13 41.198417 47.981988
N: 14 46.239539 93.670540
N: 15 79.107082 94.831832
N: 16 19.486452 14.756347
N: 17 70.437911 80.900409
N: 18 8.955681 53.749843
N: 19 67.340571 29.423890
N: 20 99.072549 90.382767
N: 21 93.170624 1.354220
N: 22 39.593762 84.073312
N: 23 78.521028 40.359222
N: 24 25.492129 6.104814
N: 25 53.657070 48.597973
N: 26 83.609422 56.892766
N: 27 75.167700 86.491648
N: 28 34.039154 68.524875
N: 29 94.010864 20.468784
N: 30 38.359901 66.169236
N: 31 23.359834 16.996172
N: 32 77.058927 53.716386
N: 33 2.000525 27.957545
N: 34 38.392655 59.368694
N: 35 31.784109 13.149154
N: 36 42.417509 82.053156
N: 37 14.296925 10.400444
N: 38 19.481915 54.056541
N: 39 77.379939 73.676852
G: 0 33
G: 33 12
G: 12 16
G: 16 37
G: 16 31
G: 31 35
G: 31 3
G: 35 24
G: 3 13
G: 13 34
G: 13 25
G: 34 8
G: 34 30
G: 25 4
G: 30 28
G: 8 6
G: 4 10
G: 4 19
G: 28 1
G: 6 38
G: 10 29
G: 10 23
G: 38 18
G: 1 22
G: 23 32
G: 29 9
G: 22 14
G: 22 36
G: 32 26
G: 9 21
G: 26 11
G: 11 39
G: 11 5
G: 39 17
G: 17 7
G: 17 27
G: 27 15
G: 15 2
G: 2 20
N: 0 8.835622 93.796460
N: 1 23.803526 73.077042
N: 2 77.806718 32.177745
N: 3 98.997493 6.837067
N: 4 32.113294 90.904764
N: 5 40.830021 56.556776
N: 6 55.414313 97.478166
N: 7 4.681049 15.269472
N: 8 81.712692 37.428522
N: 9 61.483187 72.420410
N: 10 55.682427 2.505873
N: 11 7.589080 7.975665
N: 12 97.401357 31.391935
N: 13 96.586338 1.797351
N: 14 52.930795 56.356917
N: 15 39.481120 18.869226
N: 16 52.904090 35.406478
N: 17 1.174518 76.029863
N: 18 20.346902 95.211316
N: 19 7.363575 36.850777
N: 20 30.363512 3.213225
N: 21 98.979385 49.286846
N: 22 3.795798 93.048548
N: 23 76.261590 54.425641
N: 24 67.067870 75.505135
N: 25 74.862921 99.355572
N: 26 56.619167 19.383161
N: 27 54.711700 75.167166
N: 28 11.349655 66.471244
N: 29 71.272092 50.356959
N: 30 20.410851 94.274439
N: 31 63.414199 30.786735
N: 32 86.166260 11.768578
N: 33 1.170223 39.957864
N: 34 25.770730 21.589703
N: 35 94.351575 67.731342
N: 36 0.665297 75.477169
N: 37 75.051335 59.299953
N: 38 32.492458 61.445322
N: 39 32.935550 40.218718
N: 40 67.153088 61.159689
N: 41 32.051856 10.430774
N: 42 57.655957 8.753266
N: 43 74.773858 35.163217
N: 44 81.739770 85.221941
N: 45 44.252575 14.447889
N: 46 81.139831 77.387338
N: 47 81.706943 25.440942
N: 48 97.262310 55.149209
N: 49 36.599113 43.109073
N: 50 52.789999 1.719593
N: 51 81.679783 59.779436
N: 52 92.915749 10.174891
N: 53 16.646635 66.510855
N: 54 41.369690 6.897212
N: 55 71.319281 48.171810
N: 56 82.284168 98.211666
N: 57 24.517554 0.756258
N: 58 61.865841 78.967788
N: 59 64.050972 53.025651
N: 60 48.073627 57.814176
N: 61 68.845925 70.202293
N: 62 62.281206 39.147050
N: 63 89.240342 32.122608
N: 64 20.832023 32.407369
N: 65 43.887321 75.226090
N: 66 60.535459 27.421662
N: 67 72.735374 68.371198
N: 68 83.141903 87.871377
N: 69 37.734005 90.393147
N: 70 69.505428 81.019089
N: 71 49.876967 68.216971
N: 72 93.853547 17.790364
N: 73 13.885489 5.348085
N: 74 92.018047 62.706047
N: 75 99.002570 33.946412
N: 76 70.207546 7.675588
N: 77 26.566549 20.105053
N: 78 82.717422 99.912123
N: 79 26.357098 4.566847
N: 80 88.366637 29.078996
N: 81 86.386685 63.953094
N: 82 69.578176 67.445277
N: 83 62.337888 7.780057
N: 84 82.771894 93.737329
N: 85 4.563855 28.267739
N: 86 40.314834 60.430175
N: 87 92.903754 31.438218
N: 88 89.619642 72.233913
N: 89 11.141186 35.136145
N: 90 57.614450 77.706318
N: 91 12.499587 23.271799
N: 92 73.822840 11.767976
N: 93 0.978080 29.681971
N: 94 3.167995 32.776795
N: 95 43.900016 84.685938
N: 96 13.949228 58.053291
N: 97 59.141661 66.804740
N: 98 45.973684 77.310961
N: 99 52.023633 45.573656
G: 0 22
G: 0 30
G: 30 4
G: 30 18
N: 0 16.271547 99.266213
N: 1 10.484644 96.030279
N: 2 47.259444 53.300580
N: 3 50.925467 43.735898
N: 4 74.109691 58.507528
N: 5 26.551424 7.001736
N: 6 92.232645 38.693352
N: 7 10.432739 45.920617
N: 8 56.132603 45.207162
N: 9 97.385274 60.823401
N: 10 26.039421 12.330656
N: 11 87.858738 85.559687
N: 12 22.168190 85.952200
N: 13 72.146505 41.186966
N: 14 69.067742 38.747040
N: 15 90.755446 42.082754
N: 16 5.247460 49.040542
N: 17 73.955026 8.666783
N: 18 3.368694 11.416411
N: 19 44.566548 12.940149
N: 20 24.208849 70.395146
N: 21 25.898110 29.329273
N: 22 37.401551 15.053094
N: 23 33.784970 79.585045
N: 24 69.803900 44.411285
N: 25 61.355842 76.917578
N: 26 23.862860 39.795921
N: 27 25.024455 33.510170
N: 28 97.343001 52.254107
N: 29 17.605497 71.691826
N: 30 26.241954 71.499479
N: 31 10.838705 29.352664
N: 32 75.025965 32.443812
N: 33 22.262145 58.344188
N: 34 12.115975 93.310774
N: 35 8.166918 77.262811
N: 36 61.395196 37.437804
N: 37 66.425106 63.643215
N: 38 25.402145 81.688467
N: 39 49.136717 75.234055
N: 40 11.357769 39.675779
N: 41 12.786453 1.067308
N: 42 11.753847 92.397413
N: 43 65.124486 66.059990
N: 44 47.223209 39.341556
N: 45 50.153573 31.997957
N: 46 54.739785 22.983640
N: 47 73.991011 1.044989
N: 48 36.424221 22.578223
N: 49 16.077619 38.523088
G: 0 1
G: 1 34
G: 34 42
G: 42 12
G: 12 38
G: 38 30
G: 38 23
G: 23 39
G: 30 20
N: 0 26.478605 61.193757
N: 1 22.927791 3.919669
N: 2 58.516224 84.584666
N: 3 96.018743 25.780176
N: 4 9.571583 40.104091
N: 5 83.670886 64.789053
N: 6 30.716834 50.083285
N: 7 5.877076 51.357117
N: 8 62.657135 58.529242
N: 9 17.169690 82.697008
N: 10 13.342996 54.966241
N: 11 82.465979 90.827329
N: 12 31.022202 89.064539
N: 13 24.779569 10.588830
N: 14 86.140524 50.874463
N: 15 46.919775 38.971210
N: 16 84.421537 66.444065
N: 17 25.806430 8.424830
N: 18 82.250664 13.112636
N: 19 30.150520 86.769434
N: 20 96.214637 56.096556
N: 21 35.854210 58.012775
N: 22 35.786451 25.313824
N: 23 35.771568 49.709103
N: 24 1.740612 26.128128
N: 25 76.144684 84.132690
N: 26 88.851953 65.676207
N: 27 52.338559 29.138764
N: 28 86.756660 5.259925
N: 29 3.239021 45.691335
N: 30 44.913282 46.351560
N: 31 28.463953 6.769851
N: 32 73.142715 33.459692
N: 33 5.304495 0.543740
N: 34 25.368564 85.092855
N: 35 4.288775 55.553413
N: 36 82.646355 3.723693
N: 37 55.157454 63.385390
N: 38 84.643031 32.119954
N: 39 22.936522 9.064055
G: 0 21
G: 0 10
G: 0 9
G: 21 23
G: 10 7
G: 9 34
G: 23 6
G: 23 30
G: 7 35
G: 7 29
G: 34 19
G: 30 37
G: 30 15
G: 29 4
G: 19 12
G: 15 27
G: 4 24
G: 37 8
G: 27 32
G: 27 22
G: 22 13
G: 32 38
G: 38 14
G: 38 3
G: 13 17
G: 13 39
G: 39 1
G: 17 31
G: 3 18
G: 14 20
G: 1 33
G: 20 26
G: 18 28
G: 28 36
G: 26 16
G: 16 25
G: 16 5
G: 25 11
G: 25 2
N: 0 13.425883 44.985129
N: 1 18.173992 76.891021
N: 2 94.992331 57.743177
N: 3 66.448648 18.954857
N: 4 55.416682 79.989621
N: 5 1.310843 84.129460
N: 6 24.929162 11.324580
N: 7 17.120348 92.246647
N: 8 93.837362 58.628390
N: 9 38.210481 72.003894
N: 10 8.257218 35.405940
N: 11 17.446649 78.456093
N: 12 59.839737 88.456071
N: 13 25.014253 83.555135
N: 14 28.336544 61.215424
N: 15 47.625452 34.799504
N: 16 27.884374 25.147607
N: 17 99.322223 54.190807
N: 18 89.502744 65.871324
N: 19 81.441051 87.648981
N: 20 27.842314 81.874071
N: 21 66.653281 52.479688
N: 22 9.154351 88.929625
N: 23 91.510394 26.902082
N: 24 40.270061 51.148604
N: 25 20.415003 30.180655
N: 26 44.629761 71.087321
N: 27 80.802125 35.504032
N: 28 98.251766 0.487284
N: 29 10.579579 49.983186
N: 30 50.676312 12.248460
N: 31 16.366959 47.123971
N: 32 77.255065 12.862996
N: 33 86.526565 44.863818
N: 34 6.560099 78.306180
N: 35 58.655513 26.582205
N: 36 59.722399 17.458319
N: 37 66.952879 35.904631
N: 38 14.260334 71.041998
N: 39 67.292253 96.958371
G: 0 31
G: 0 29
G: 0 10
G: 31 14
G: 10 25
G: 14 9
G: 14 24
G: 9 20
G: 9 26
G: 24 15
G: 26 4
G: 20 13
G: 15 35
G: 13 11
G: 4 12
G: 35 37
G: 35 36
G: 11 1
G: 12 39
G: 36 3
G: 36 30
G: 37 27
G: 37 21
G: 1 38
G: 39 19
G: 3 32
G: 27 23
G: 27 33
G: 38 34
G: 32 28
G: 33 2
G: 34 5
G: 2 17
G: 2 8
G: 5 22
G: 8 18
G: 22 7
N: 0 18.065839 33.094769
N: 1 23.501348 24.159026
N: 2 94.835503 24.222701
N: 3 7.007880 85.577840
N: 4 72.452531 35.104345
N: 5 69.747755 30.977090
N: 6 57.717755 60.161803
N: 7 35.755016 58.928581
N: 8 33.671180 87.003226
N: 9 35.146807 72.500951
N: 10 66.535561 81.762493
N: 11 7.052224 67.855993
N: 12 16.520190 60.513112
N: 13 83.874634 14.101974
N: 14 58.972405 18.616437
N: 15 12.711638 61.170687
N: 16 18.075567 56.764394
N: 17 34.472693 21.915149
N: 18 47.380796 29.623954
N: 19 68.778706 50.610866
N: 20 69.416130 80.108987
N: 21 78.470925 83.472600
N: 22 93.424648 22.107083
N: 23 10.852721 44.693811
N: 24 18.124104 4.630722
N: 25 78.673332 7.690617
N: 26 47.966119 51.317727
N: 27 41.411342 75.019224
N: 28 19.453648 82.871625
N: 29 28.843894 12.797450
N: 30 50.717838 14.434760
N: 31 14.691213 72.613512
N: 32 44.512670 84.342776
N: 33 37.471635 27.992898
N: 34 9.157806 71.787919
N: 35 61.624878 76.907919
N: 36 80.117209 17.325672
N: 37 77.484819 94.352714
N: 38 70.041123 36.567511
N: 39 94.877708 70.319143
G: 0 1
G: 0 23
G: 1 17
G: 23 16
G: 17 33
G: 17 29
G: 16 12
G: 33 18
G: 12 15
G: 29 24
G: 15 11
G: 18 30
G: 11 34
G: 30 14
G: 34 31
G: 31 28
G: 28 3
G: 28 8
G: 8 32
G: 32 27
G: 27 9
G: 9 7
G: 7 26
G: 26 6
G: 6 35
G: 6 19
G: 19 38
G: 35 10
G: 10 20
G: 38 4
G: 20 21
G: 4 5
G: 5 36
G: 21 39
G: 21 37
G: 36 13
G: 13 22
G: 13 25
G: 22 2
N: 0 85.035773 13.286979
N: 1 39.906217 55.707658
N: 2 28.792486 58.395439
N: 3 73.077681 43.311155
N: 4 35.476339 32.731182
N: 5 96.402829 86.202810
N: 6 35.429379 50.819508
N: 7 90.029639 21.172166
N: 8 5.224524 20.893334
N: 9 17.891916 55.148250
N: 10 32.080809 39.842732
N: 11 76.116323 57.794169
N: 12 70.195221 84.143459
N: 13 32.082135 17.910545
N: 14 98.429290 54.908954
N: 15 80.951342 99.016240
N: 16 10.405869 89.640398
N: 17 25.632960 95.398759
N: 18 28.872035 10.927790
N: 19 96.549693 97.392630
N: 20 69.115409 54.408047
N: 21 70.587473 26.685367
N: 22 43.520256 81.235341
N: 23 16.221433 63.889956
N: 24 49.278691 75.693715
N: 25 4.524230 51.976370
N: 26 83.419056 44.430660
N: 27 35.308828 64.737970
N: 28 66.416611 46.662558
N: 29 22.464755 22.382452
N: 30 40.466549 0.389805
N: 31 40.694960 23.167383
N: 32 87.984754 32.742592
N: 33 61.239637 41.678745
N: 34 55.187040 71.355038
N: 35 34.042204 5.854307
N: 36 38.345129 31.632473
N: 37 79.385559 92.032242
N: 38 22.698905 92.782045
N: 39 30.926818 10.718101
N: 0 17.561361 90.513257
N: 1 93.300227 65.641575
N: 2 41.775767 92.111470
N: 3 93.550268 36.557331
N: 4 38.168595 39.528419
N: 5 6.593735 10.979086
N: 6 23.145250 96.622296
N: 7 38.383416 0.429134
N: 8 71.231049 17.137669
N: 9 41.455372 45.149703
N: 10 10.910466 95.576770
N: 11 50.520086 32.340583
N: 12 31.902021 89.652513
N: 13 65.622872 69.287215
N: 14 29.298796 75.719620
N: 15 49.388086 84.218044
N: 16 13.571262 67.952079
N: 17 80.662172 73.651034
N: 18 84.414471 52.322025
N: 19 25.168774 86.396401
N: 20 57.748403 62.319767
N: 21 6.556969 95.670992
N: 22 58.394207 29.789839
N: 23 21.696062 2.134405
N: 24 45.395248 3.604669
N: 25 95.607642 40.112027
N: 26 99.526020 84.988058
N: 27 98.013228 98.573737
N: 28 13.730934 89.863213
N: 29 59.235821 67.813394
N: 30 15.958755 80.939477
N: 31 70.069919 0.672984
N: 32 85.039709 69.921385
N: 33 18.234490 23.050859
N: 34 89.645330 66.372251
N: 35 85.145611 92.353551
N: 36 2.316833 22.614454
N: 37 1.351920 81.332459
N: 38 75.889320 0.519170
N: 39 41.719482 73.788916
N: 0 52.582318 26.191711
N: 1 54.882848 49.822896
N: 2 67.455580 55.692053
N: 3 87.809390 98.637356
N: 4 74.209425 87.515000
N: 5 33.754195 27.105581
N: 6 83.321108 21.347562
N: 7 8.372536 97.088812
N: 8 76.000673 38.055680
N: 9 99.534456 51.927007
N: 10 11.012371 57.269961
N: 11 80.093086 2.396299
N: 12 95.262844 48.518075
N: 13 36.032386 13.178943
N: 14 11.315172 78.539179
N: 15 70.682676 35.090210
N: 16 78.696384 28.316757
N: 17 44.245027 10.787875
N: 18 49.925548 87.217945
N: 19 66.216588 80.280334
N: 20 17.153748 52.839026
N: 21 7.728434 79.009639
N: 22 13.282712 77.878647
N: 23 23.027584 63.606690
N: 24 19.524257 15.109151
N: 25 97.781477 81.137770
N: 26 27.611436 15.033738
N: 27 80.607914 83.925628
N: 28 68.430024 64.187516
N: 29 91.381632 49.308313
N: 30 42.370849 51.128358
N: 31 32.410910 76.041509
N: 32 66.870330 94.017028
N: 33 18.163258 39.028598
N: 34 52.265551 6.190976
N: 35 14.877670 57.270509
N: 36 11.392067 29.026388
N: 37 10.312790 23.112819
N: 38 38.226291 91.912996
N: 39 0.842903 72.609270
N: 0 52.421797 23.077800
N: 1 54.841733 89.932450
N: 2 19.722666 50.074416
N: 3 13.455805 68.784367
N: 4 86.544648 12.180230
N: 5 62.440147 28.340473
N: 6 48.524034 42.551388
N: 7 38.178918 81.250473
N: 8 54.190918 41.413364
N: 9 28.376004 88.478719
N: 10 96.091910 17.417294
N: 11 55.555201 62.608244
N: 12 39.972790 3.393684
N: 13 62.048704 10.202786
N: 14 5.040068 54.633525
N: 15 28.977854 59.780795
N: 16 57.774856 50.647241
N: 17 28.283253 84.890664
N: 18 97.170441 78.141684
N: 19 51.416834 38.645423
N: 20 30.864704 8.252552
N: 21 7.391896 90.605344
N: 22 42.604457 36.590616
N: 23 30.229047 69.936929
N: 24 29.282085 77.283712
N: 25 22.675243 91.289893
N: 26 86.804947 31.679388
N: 27 1.140051 98.271819
N: 28 5.305553 21.685367
N: 29 49.673282 13.743565
N: 30 3.216550 23.983983
N: 31 46.306009 57.191453
N: 32 60.904373 80.423694
N: 33 21.549297 72.337831
N: 34 25.191664 25.460786
N: 35 18.574083 64.315619
N: 36 98.523801 7.287945
N: 37 67.508680 85.094817
N: 38 32.269157 67.084276
N: 39 8.427872 77.122825
G: 29 12
G: 29 13
G: 5 19
G: 13 4
G: 12 20
G: 19 8
G: 19 6
G: 8 16
G: 6 22
G: 20 34
G: 4 10
G: 16 11
G: 34 28
G: 10 36
G: 10 26
G: 11 32
G: 11 31
G: 28 30
G: 31 38
G: 32 37
G: 32 1
G: 38 15
G: 38 23
G: 23 24
G: 23 33
G: 15 2
G: 24 7
G: 24 17
G: 33 35
G: 2 14
G: 17 9
G: 35 3
G: 9 25
G: 3 39
G: 39 21
N: 0 48.691994 50.467558
N: 1 56.117489 9.792401
N: 2 2.732019 91.638042
N: 3 92.096230 51.015258
N: 4 96.429329 20.609710
N: 5 70.718717 6.171408
N: 6 44.427352 15.251582
N: 7 75.710850 26.965673
N: 8 48.378062 0.485292
N: 9 8.747149 25.894958
N: 10 96.052615 43.332890
N: 11 22.904806 31.118129
N: 12 1.728590 64.757437
N: 13 30.713184 8.386032
N: 14 77.219517 58.657323
N: 15 96.506344 30.710769
N: 16 36.788429 66.422482
N: 17 66.456628 20.591501
N: 18 70.204633 21.398144
N: 19 96.553336 49.189006
N: 20 23.520979 17.873041
N: 21 95.772613 55.038697
N: 22 55.216706 55.528511
N: 23 20.406269 56.744077
N: 24 3.896440 79.327206
N: 25 19.933939 61.962163
N: 26 57.237204 98.455544
N: 27 22.949252 80.656839
N: 28 16.355137 44.229859
N: 29 55.038059 64.625592
N: 30 47.069446 48.784390
N: 31 79.103628 48.574998
N: 32 16.278474 26.165101
N: 33 46.111254 9.524217
N: 34 65.134948 23.744635
N: 35 85.851391 28.579671
N: 36 92.392258 62.289867
N: 37 45.935776 44.210705
N: 38 76.016256 89.829989
N: 39 10.029218 29.455465
G: 30 37
G: 22 29
G: 29 16
N: 0 99.684467 48.575432
N: 1 25.862277 58.582411
N: 2 14.513263 17.812521
N: 3 81.708965 19.485332
N: 4 13.454853 9.661722
N: 5 33.106249 92.651351
N: 6 74.925822 40.438457
N: 7 3.537993 78.391969
N: 8 2.032377 80.571666
N: 9 50.067300 16.003255
N: 10 58.650009 82.734792
N: 11 97.299901 83.208108
N: 12 80.311200 42.102198
N: 13 95.462178 21.608707
N: 14 72.964486 49.053774
N: 15 70.113970 82.883671
N: 16 11.845745 5.561793
N: 17 18.249916 96.568081
N: 18 52.528116 86.210936
N: 19 38.644201 56.749599
N: 20 52.030179 85.005073
N: 21 67.387099 49.190615
N: 22 60.234445 33.303747
N: 23 57.846708 41.629489
N: 24 40.199075 82.332765
N: 25 95.670582 48.842447
N: 26 29.645650 62.362675
N: 27 91.448545 45.740735
N: 28 34.578567 64.691213
N: 29 74.308806 14.323825
N: 30 65.588005 28.980004
N: 31 22.185443 70.248724
N: 32 6.646638 81.461541
N: 33 9.944276 9.365416
N: 34 20.336373 99.801918
N: 35 75.465502 22.346911
N: 36 45.513528 31.044698
N: 37 54.378109 56.366771
N: 38 54.795298 52.569906
N: 39 22.566899 41.557304
G: 25 27
G: 27 12
G: 12 6
G: 6 14
G: 14 21
G: 21 23
G: 23 38
G: 23 22
G: 22 30
G: 22 36
G: 38 37
G: 37 19
G: 30 35
G: 36 9
G: 35 3
G: 35 29
G: 19 28
G: 3 13
G: 28 24
G: 28 26
G: 26 1
G: 26 31
G: 24 20
G: 24 5
G: 1 39
G: 20 10
G: 20 18
G: 5 34
G: 39 2
G: 10 15
G: 34 17
G: 15 11
G: 17 32
G: 2 4
G: 4 33
G: 32 7
G: 33 16
G: 7 8
N: 0 84.271991 51.621977
N: 1 54.593896 73.975143
N: 2 80.498822 36.048246
N: 3 51.238422 87.486184
N: 4 71.227455 39.598053
N: 5 48.352288 58.331933
N: 6 10.104197 78.815326
N: 7 0.347552 91.667558
N: 8 32.559326 31.803572
N: 9 7.455126 81.293721
N: 10 10.275066 50.464822
N: 11 82.214853 33.263579
N: 12 64.093038 31.475413
N: 13 28.463131 62.161711
N: 14 63.896087 40.934643
N: 15 7.623541 90.133008
N: 16 55.455417 92.274690
N: 17 80.075807 37.039371
N: 18 16.107987 85.104069
N: 19 55.600177 87.823247
N: 20 28.477122 68.560904
N: 21 65.882486 54.225967
N: 22 10.427456 39.390631
N: 23 75.355297 37.517247
N: 24 14.858171 97.799499
N: 25 3.799183 94.941603
N: 26 87.887241 40.504135
N: 27 53.331786 41.299241
N: 28 30.028942 47.820330
N: 29 99.237538 82.742408
N: 30 85.602335 38.567745
N: 31 20.897986 80.222385
N: 32 76.648584 72.198537
N: 33 42.620341 94.099926
N: 34 67.071561 94.467839
N: 35 20.828188 81.714817
N: 36 85.479907 67.539444
N: 37 82.045875 35.263697
N: 38 40.666408 33.754802
N: 39 76.461382 46.798152
G: 39 21
G: 39 4
G: 36 29
G: 36 32
G: 4 23
G: 4 14
G: 23 17
G: 14 27
G: 14 12
G: 17 2
G: 27 38
G: 27 5
G: 2 37
G: 38 8
G: 5 1
G: 37 11
G: 37 30
G: 8 28
G: 1 19
G: 30 26
G: 28 10
G: 28 13
G: 19 16
G: 19 3
G: 16 34
G: 3 33
G: 13 20
G: 10 22
G: 20 31
G: 31 35
G: 35 18
G: 18 6
G: 6 9
G: 9 15
G: 15 24
G: 15 25
G: 25 7
N: 0 92.119125 84.901542
N: 1 37.976102 8.499327
N: 2 2.046650 64.469561
N: 3 33.780972 16.127670
N: 4 30.334110 20.677737
N: 5 11.606499 2.680402
N: 6 60.155406 95.687032
N: 7 94.258850 12.933117
N: 8 31.115889 73.387965
N: 9 5.423258 6.381113
N: 10 48.958697 84.324784
N: 11 71.427084 41.010810
N: 12 13.834621 55.837754
N: 13 1.428766 48.127745
N: 14 26.520088 76.599604
N: 15 15.836330 11.772493
N: 16 89.418429 92.206928
N: 17 25.447684 65.708583
N: 18 71.947385 25.464692
N: 19 79.881797 51.512984
N: 20 80.167343 31.259757
N: 21 41.617122 75.694519
N: 22 73.655639 26.472729
N: 23 51.004504 6.816770
N: 24 66.896045 56.174128
N: 25 93.817562 41.255402
N: 26 24.991326 76.750669
N: 27 36.294910 46.061323
N: 28 90.554599 35.203619
N: 29 41.128876 45.282816
N: 30 16.799697 98.196902
N: 31 89.581581 99.563927
N: 32 10.206556 60.419026
N: 33 6.120197 51.087228
N: 34 5.522949 57.366723
N: 35 95.428634 97.902844
N: 36 17.283031 46.024240
N: 37 14.178295 12.100166
N: 38 44.462581 24.123585
N: 39 47.053676 22.032946
G: 16 6
G: 16 31
G: 31 35
G: 6 10
G: 10 21
G: 21 8
G: 8 17
G: 8 14
G: 14 26
G: 17 12
G: 26 30
G: 12 36
G: 12 32
G: 36 27
G: 27 29
G: 29 38
G: 38 3
G: 38 39
G: 39 18
G: 3 4
G: 3 1
G: 4 15
G: 18 22
G: 22 20
G: 15 37
G: 37 5
G: 20 11
G: 20 28
G: 5 9
G: 28 25
G: 28 7
G: 11 19
G: 19 24
N: 0 87.800594 56.472153
N: 1 83.584279 87.243226
N: 2 53.425817 12.489562
N: 3 12.789395 51.906696
N: 4 78.412006 60.182845
N: 5 92.982891 20.565772
N: 6 79.029069 35.500805
N: 7 61.810226 86.128733
N: 8 41.189253 36.066511
N: 9 68.770831 14.169719
N: 10 14.574236 9.394712
N: 11 95.695163 38.956447
N: 12 45.251286 79.771878
N: 13 73.075705 6.160848
N: 14 36.404900 89.464207
N: 15 4.220643 6.159887
N: 16 66.407031 43.790664
N: 17 31.207689 80.844467
N: 18 24.098456 80.633882
N: 19 30.498222 96.263084
N: 20 82.285700 15.346067
N: 21 19.876266 90.095406
N: 22 71.406748 52.820651
N: 23 84.673759 97.786929
N: 24 20.248790 77.665470
N: 25 75.946460 87.776854
N: 26 30.010227 72.873260
N: 27 83.803785 80.195090
N: 28 19.030282 18.828598
N: 29 72.449934 5.469109
N: 30 72.240757 65.511760
N: 31 21.188913 65.348994
N: 32 45.055854 21.252959
N: 33 45.440262 76.498012
N: 34 7.434195 6.246622
N: 35 1.705379 13.290886
N: 36 66.179908 73.499743
N: 37 26.106659 81.232714
N: 38 64.517537 73.709486
N: 39 26.067591 1.528515
G: 4 22
G: 4 30
G: 30 36
G: 22 16
G: 36 38
G: 16 6
G: 38 7
G: 6 11
G: 7 12
G: 7 25
G: 11 5
G: 25 1
G: 12 33
G: 12 14
G: 5 20
G: 1 23
G: 1 27
G: 14 17
G: 14 19
G: 20 13
G: 13 29
G: 13 9
G: 9 2
N: 0 65.335616 4.266293
N: 1 27.592118 51.283568
N: 2 78.343606 55.614967
N: 3 84.547021 91.464638
N: 4 56.014946 34.098720
N: 5 27.908991 23.637127
N: 6 94.691411 82.254667
N: 7 2.715448 90.755324
N: 8 36.787884 96.663273
N: 9 96.151233 24.186593
N: 10 17.857525 1.368093
N: 11 35.620721 59.786435
N: 12 77.585399 54.714342
N: 13 57.822080 35.549653
N: 14 86.774878 81.614284
N: 15 80.110285 27.523923
N: 16 13.297958 34.600329
N: 17 6.658488 34.102475
N: 18 5.213949 34.034730
N: 19 48.452937 98.928378
N: 20 37.112752 74.593403
N: 21 11.671136 21.689288
N: 22 31.678960 37.762761
N: 23 10.006250 43.829517
N: 24 38.384763 36.112362
N: 25 4.941436 63.628039
N: 26 31.095191 39.144967
N: 27 30.497476 74.844334
N: 28 34.253152 93.198682
N: 29 39.866301 98.902299
N: 30 95.693518 93.745024
N: 31 40.962582 73.022072
N: 32 76.570123 84.542481
N: 33 71.575205 83.521405
N: 34 11.182206 25.396876
N: 35 39.793423 11.445207
N: 36 51.936379 63.206484
N: 37 81.236239 6.767409
N: 38 79.037959 83.208124
N: 39 91.889993 65.934656
G: 37 15
G: 15 9
G: 15 13
G: 13 4
G: 4 24
G: 24 22
G: 22 26
G: 22 5
G: 26 1
G: 5 35
G: 5 21
G: 1 11
G: 11 31
G: 31 20
G: 31 36
G: 20 27
G: 36 12
G: 27 28
G: 12 2
G: 28 8
G: 2 39
G: 8 29
G: 39 14
G: 29 19
G: 14 6
G: 14 38
G: 38 32
G: 38 3
G: 32 33
G: 3 30
N: 0 88.680584 42.859308
N: 1 80.386055 15.421688
N: 2 55.174592 4.419151
N: 3 2.288919 70.250506
N: 4 97.336043 25.868818
N: 5 93.416754 72.165485
N: 6 10.546894 62.187095
N: 7 72.948973 45.080918
N: 8 14.870990 31.932813
N: 9 25.257629 55.680619
N: 10 42.694145 10.552461
N: 11 13.583809 54.912109
N: 12 35.721055 44.600973
N: 13 31.636081 28.144086
N: 14 37.098791 25.733090
N: 15 5.995868 53.436063
N: 16 91.520421 27.323886
N: 17 85.736831 91.082386
N: 18 9.116517 94.861850
N: 19 8.753456 74.175452
N: 20 30.835759 62.684583
N: 21 47.019605 23.244995
N: 22 4.363816 89.671382
N: 23 21.084769 52.660753
N: 24 25.315135 3.928383
N: 25 62.439579 2.051193
N: 26 49.473413 1.578689
N: 27 6.702968 13.480836
N: 28 20.812339 33.258975
N: 29 14.586442 3.954282
N: 30 56.932724 56.268545
N: 31 19.510863 61.696806
N: 32 17.555919 37.238058
N: 33 82.284961 32.639676
N: 34 62.126934 46.344507
N: 35 41.433440 98.727864
N: 36 8.985515 69.387087
N: 37 84.544462 2.971130
N: 38 46.987854 59.715857
N: 39 90.414424 84.751187
G: 33 7
G: 33 16
G: 5 39
G: 16 4
G: 16 1
G: 7 34
G: 39 17
G: 34 30
G: 1 37
G: 30 38
G: 38 20
G: 20 9
G: 9 12
G: 9 31
G: 9 23
G: 23 11
G: 23 32
G: 11 6
G: 11 15
G: 32 8
G: 32 28
G: 6 36
G: 28 13
G: 36 3
G: 36 19
G: 13 14
G: 19 22
G: 14 21
G: 22 18
G: 21 10
G: 10 26
G: 10 24
G: 26 2
G: 24 29
G: 2 25
G: 29 27
N: 0 4.667768 32.773531
N: 1 45.539954 20.473647
N: 2 74.069327 0.404398
N: 3 6.188313 75.278448
N: 4 76.955622 89.945242
N: 5 74.999387 70.762270
N: 6 84.268346 66.132801
N: 7 36.218614 55.700872
N: 8 39.648921 1.537127
N: 9 17.567126 68.987191
N: 10 32.340217 16.981735
N: 11 22.566404 25.349136
N: 12 11.607227 10.008282
N: 13 11.402753 79.573915
N: 14 3.562252 77.162445
N: 15 32.181225 22.013067
N: 16 2.676877 24.713030
N: 17 80.406168 12.293830
N: 18 20.676070 57.490039
N: 19 68.222076 77.476718
N: 20 73.687366 21.494503
N: 21 71.870777 64.679798
N: 22 98.777246 76.502381
N: 23 62.918836 92.396007
N: 24 15.186419 90.685156
N: 25 72.710777 77.884164
N: 26 45.319011 53.714833
N: 27 26.888721 61.252548
N: 28 59.107717 60.001660
N: 29 61.761124 86.273664
N: 30 66.659631 20.643282
N: 31 78.127034 17.305192
N: 32 60.724684 21.425627
N: 33 2.207661 74.415261
N: 34 60.371108 90.209861
N: 35 18.733427 17.435445
N: 36 45.229339 46.509079
N: 37 72.108500 6.292307
N: 38 98.059582 74.081647
N: 39 83.620707 64.145727
G: 16 12
G: 12 35
G: 35 11
G: 11 15
G: 15 1
G: 15 10
G: 10 8
G: 1 32
G: 1 36
G: 32 30
G: 36 26
G: 30 20
G: 26 7
G: 26 28
G: 20 31
G: 7 27
G: 28 21
G: 31 17
G: 27 18
G: 21 5
G: 17 37
G: 5 6
G: 5 25
G: 37 2
G: 25 19
G: 25 4
G: 6 39
G: 6 38
G: 19 29
G: 38 22
G: 29 34
G: 34 23
N: 0 94.076598 3.204741
N: 1 27.285280 50.889741
N: 2 62.402392 52.874692
N: 3 57.980717 47.512180
N: 4 8.224366 13.638208
N: 5 46.045172 42.497285
N: 6 29.733426 91.954185
N: 7 92.861284 47.036099
N: 8 35.764682 61.556815
N: 9 1.359787 85.302506
N: 10 82.450740 75.584222
N: 11 36.014325 52.876921
N: 12 78.775882 61.902085
N: 13 44.577171 64.431987
N: 14 37.026492 66.534878
N: 15 47.565587 47.296324
N: 16 40.181307 95.984471
N: 17 76.881990 7.212642
N: 18 38.913586 87.923892
N: 19 81.531853 77.206188
N: 20 47.844445 99.105063
N: 21 6.742234 48.038204
N: 22 85.581334 53.963169
N: 23 42.320608 46.964349
N: 24 76.521488 4.670982
N: 25 9.356214 47.309852
N: 26 37.539615 81.753268
N: 27 49.631395 48.385976
N: 28 24.082525 7.306585
N: 29 32.289145 77.145565
N: 30 14.544101 93.494364
N: 31 26.743369 6.414076
N: 32 86.418912 96.168770
N: 33 98.027369 14.507470
N: 34 68.004552 84.668040
N: 35 93.267577 21.249833
N: 36 39.510031 16.928917
N: 37 12.952370 38.433865
N: 38 49.210603 44.140620
N: 39 21.017039 85.569096
G: 33 35
G: 24 17
N: 0 46.204105 66.837210
N: 1 79.434395 67.602058
N: 2 44.784834 6.720864
N: 3 10.933532 70.402007
N: 4 94.021851 16.318817
N: 5 72.454277 6.502760
N: 6 23.534874 74.765615
N: 7 8.404385 71.115140
N: 8 14.495038 78.805839
N: 9 32.037970 1.135697
N: 10 78.852856 84.421661
N: 11 20.747549 71.230547
N: 12 40.357335 96.741109
N: 13 97.996286 61.680214
N: 14 19.762453 42.081693
N: 15 45.374621 43.170716
N: 16 46.317281 78.927273
N: 17 35.580816 59.117155
N: 18 65.063983 33.533140
N: 19 58.870588 51.527045
N: 20 26.482856 72.786393
N: 21 32.824513 46.263124
N: 22 70.408430 68.492898
N: 23 13.992487 37.367048
N: 24 42.046717 98.454449
N: 25 78.569912 30.683370
N: 26 76.016500 34.869673
N: 27 89.366346 44.596391
N: 28 35.297781 56.368230
N: 29 32.816175 78.822301
N: 30 37.237200 29.781702
N: 31 6.974902 10.703483
N: 32 35.909049 11.945306
N: 33 51.471368 94.721153
N: 34 27.685497 97.045276
N: 35 82.496395 46.701584
N: 36 99.462413 89.457218
N: 37 1.402980 33.860335
N: 38 70.293908 22.815742
N: 39 55.338428 89.516217
G: 16 39
G: 16 29
G: 17 28
N: 0 59.784692 83.211072
N: 1 92.451460 6.886088
N: 2 15.389550 54.222133
N: 3 93.561349 11.642549
N: 4 29.060398 29.777521
N: 5 22.224100 97.922468
N: 6 80.972013 23.226287
N: 7 49.797997 3.773448
N: 8 85.507116 41.781334
N: 9 16.698919 19.234180
N: 10 98.736430 93.454025
N: 11 61.425943 44.352654
N: 12 13.701579 99.606206
N: 13 47.539152 39.973660
N: 14 77.071976 53.322235
N: 15 50.388328 89.270030
N: 16 97.779747 19.056449
N: 17 11.356987 80.135259
N: 18 43.176880 81.634076
N: 19 0.117979 76.677183
N: 20 90.017364 15.891415
N: 21 50.008118 70.585900
N: 22 95.862301 29.250462
N: 23 39.597802 56.878853
N: 24 11.008789 87.362765
N: 25 71.599642 90.431878
N: 26 47.487871 72.502209
N: 27 12.969778 79.726506
N: 28 40.526039 55.181866
N: 29 37.876826 89.490346
N: 30 20.140792 29.229462
N: 31 67.914875 62.194738
N: 32 46.163050 64.574573
N: 33 63.002523 60.656030
N: 34 53.943920 65.015223
N: 35 89.844246 33.885624
N: 36 85.872805 50.033348
N: 37 61.715266 71.936234
N: 38 58.122683 26.283447
N: 39 31.322794 8.361223
G: 15 18
G: 25 10
N: 0 56.249398 2.108341
N: 1 89.292334 54.195621
N: 2 95.315688 51.353960
N: 3 1.210768 49.304251
N: 4 19.360640 44.669065
N: 5 41.563202 9.415970
N: 6 4.617889 71.943292
N: 7 39.861498 82.491695
N: 8 16.258225 59.693815
N: 9 55.769739 94.300388
N: 10 96.226861 49.386853
N: 11 56.833970 66.148351
N: 12 62.117383 54.126091
N: 13 5.135175 84.362809
N: 14 60.774796 56.992378
N: 15 2.460480 14.826662
N: 16 66.405883 5.161372
N: 17 95.875607 25.656273
N: 18 4.933333 8.060891
N: 19 6.190384 76.687462
N: 20 71.922995 81.913707
N: 21 98.644093 33.915610
N: 22 33.296509 76.697124
N: 23 15.999480 25.997664
N: 24 20.919370 83.608137
N: 25 50.708114 86.944523
N: 26 63.070810 64.767978
N: 27 73.316651 10.226867
N: 28 4.354388 12.289872
N: 29 69.399817 73.101136
N: 30 41.756068 37.739560
N: 31 53.230980 32.161136
N: 32 13.443194 54.278984
N: 33 38.014129 20.750476
N: 34 33.770416 14.233928
N: 35 20.872854 14.969117
N: 36 57.530736 23.650310
N: 37 79.188870 7.117183
N: 38 36.584269 77.089413
N: 39 25.690782 7.010373
G: 16 27
G: 5 34
N: 0 36.515293 47.328425
N: 1 3.269085 97.785208
N: 2 61.385767 80.463642
N: 3 45.664149 14.942080
N: 4 35.483054 77.841170
N: 5 78.426912 5.492260
N: 6 65.833220 39.907304
N: 7 2.213181 6.742728
N: 8 67.055711 82.548205
N: 9 28.813100 73.786080
N: 10 84.838745 36.099656
N: 11 88.871845 24.387806
N: 12 96.749059 99.097948
N: 13 10.755007 1.866668
N: 14 64.897848 28.175157
N: 15 84.523076 91.877382
N: 16 37.760836 40.026458
N: 17 88.766010 53.050789
N: 18 48.304061 24.532527
N: 19 50.658272 99.061612
N: 20 35.612555 49.349036
N: 21 68.647299 7.142820
N: 22 49.643468 59.369145
N: 23 80.571686 4.263450
N: 24 10.307865 27.279044
N: 25 85.037503 41.542374
N: 26 45.569008 4.161822
N: 27 58.278699 87.358933
N: 28 30.487028 73.305886
N: 29 41.055110 8.954286
N: 30 70.640901 26.071058
N: 31 72.833052 74.604765
N: 32 37.439668 12.682154
N: 33 52.950550 17.353234
N: 34 44.671440 44.794024
N: 35 60.058451 9.027996
N: 36 5.065040 87.012948
N: 37 75.774637 55.833830
N: 38 26.229845 52.418078
N: 39 83.789058 13.204785
G: 20 38
G: 16 18
G: 16 34
N: 0 64.398554 98.470782
N: 1 1.014447 64.080868
N: 2 18.146098 84.533760
N: 3 31.997308 13.287050
N: 4 1.000288 98.988110
N: 5 27.924268 39.591895
N: 6 96.771833 11.942145
N: 7 24.673006 28.921022
N: 8 85.962584 35.135520
N: 9 17.572467 69.274610
N: 10 62.688471 8.358548
N: 11 48.236077 42.461103
N: 12 22.938592 21.926146
N: 13 90.177026 78.382862
N: 14 78.226399 43.222396
N: 15 49.324345 97.761785
N: 16 98.149690 42.113049
N: 17 33.889659 71.345755
N: 18 58.118429 84.704075
N: 19 49.506412 33.048538
N: 20 3.439279 88.236375
N: 21 22.980648 92.128163
N: 22 76.701357 26.855203
N: 23 18.902620 89.773627
N: 24 16.730549 6.246856
N: 25 77.953215 30.868780
N: 26 48.674128 43.475492
N: 27 36.692662 59.072486
N: 28 47.911674 97.001277
N: 29 13.683366 56.675814
N: 30 16.358990 75.570404
N: 31 92.771604 34.417378
N: 32 14.013908 60.538610
N: 33 50.879839 5.296453
N: 34 89.445519 33.111706
N: 35 65.270786 52.222734
N: 36 34.114049 87.059642
N: 37 14.911606 15.058633
N: 38 65.404502 76.617427
N: 39 59.227075 47.461588
G: 18 38
G: 15 28
N: 0 88.036149 21.801170
N: 1 74.166796 85.861341
N: 2 16.427903 40.010723
N: 3 11.743747 79.600978
N: 4 69.441259 61.607230
N: 5 82.333648 63.234493
N: 6 0.348301 85.878279
N: 7 68.538490 77.542261
N: 8 80.584818 37.987566
N: 9 40.871090 84.508688
N: 10 60.095873 72.478767
N: 11 29.489062 40.396729
N: 12 98.090778 84.308345
N: 13 70.143540 60.378479
N: 14 12.166670 90.449461
N: 15 83.794146 61.311243
N: 16 45.164817 78.527866
N: 17 62.772407 1.698056
N: 18 35.402107 89.965714
N: 19 32.079188 72.035371
N: 20 50.212481 84.516646
N: 21 97.447003 88.474114
N: 22 29.583124 4.819756
N: 23 62.232770 21.347712
N: 24 68.089024 58.649939
N: 25 45.331293 98.093252
N: 26 24.109066 54.174517
N: 27 0.874089 38.383727
N: 28 37.528261 29.484608
N: 29 61.063402 21.321757
N: 30 22.974051 47.629740
N: 31 63.153197 25.807362
N: 32 75.856822 2.550269
N: 33 25.422616 76.826075
N: 34 20.816888 32.132381
N: 35 94.253301 36.316618
N: 36 56.724457 76.827129
N: 37 90.168811 73.019861
N: 38 89.059549 94.161716
N: 39 48.262811 83.108738
G: 35 8
N: 0 57.845833 77.531674
N: 1 26.169698 24.699749
N: 2 21.434048 52.094041
N: 3 98.818747 45.494120
N: 4 80.559040 46.434077
N: 5 50.864080 40.283099
N: 6 29.569436 96.461006
N: 7 68.394581 8.070996
N: 8 93.159771 52.642808
N: 9 45.363858 95.172065
N: 10 57.491717 99.568590
N: 11 58.038634 72.435320
N: 12 17.097556 1.445766
N: 13 11.010370 99.654726
N: 14 95.512721 95.487452
N: 15 86.078497 74.047244
N: 16 65.047421 79.876820
N: 17 85.465992 46.024353
N: 18 23.850267 87.448887
N: 19 46.371335 65.497386
N: 20 0.057499 83.144385
N: 21 39.196030 2.247354
N: 22 73.934109 23.537851
N: 23 91.246227 20.884062
N: 24 47.156993 50.460582
N: 25 18.140516 3.091030
N: 26 20.333137 39.558434
N: 27 81.844596 19.720136
N: 28 4.727525 45.048336
N: 29 74.349809 65.243753
N: 30 37.976490 25.652705
N: 31 65.588143 90.993787
N: 32 39.761411 62.626212
N: 33 65.247858 60.196801
N: 34 59.773051 91.132837
N: 35 93.339455 35.069997
N: 36 71.989817 34.089582
N: 37 80.591569 94.224321
N: 38 96.995725 81.747061
N: 39 61.961744 85.416277
G: 11 33
G: 11 19
G: 16 39
N: 0 53.740308 12.950756
N: 1 64.176606 43.028148
N: 2 9.342904 6.349569
N: 3 37.298932 32.951693
N: 4 73.083453 46.702428
N: 5 32.464724 5.726348
N: 6 1.921747 86.209837
N: 7 21.914210 70.948637
N: 8 64.111698 63.426536
N: 9 81.072308 48.382800
N: 10 61.055272 41.311795
N: 11 11.102781 56.711900
N: 12 43.165894 31.640974
N: 13 63.585724 33.363715
N: 14 70.444990 93.969642
N: 15 64.750139 60.274278
N: 16 83.378532 26.015129
N: 17 25.960001 29.142000
N: 18 34.723748 94.801836
N: 19 48.951801 78.395293
N: 20 35.454010 69.923642
N: 21 78.973297 55.810622
N: 22 79.871069 29.537153
N: 23 96.508843 61.851180
N: 24 62.847812 11.340851
N: 25 20.493819 3.957972
N: 26 73.407993 62.349718
N: 27 57.013316 32.129871
N: 28 65.606060 52.856554
N: 29 7.372107 84.644395
N: 30 65.940784 74.479828
N: 31 69.855921 86.348476
N: 32 69.918628 66.537352
N: 33 56.051581 97.606548
N: 34 64.964224 52.171602
N: 35 83.544454 58.613846
N: 36 19.975030 75.834449
N: 37 43.649292 13.942601
N: 38 86.170535 45.460827
N: 39 13.712768 61.179417
G: 37 12
G: 37 5
N: 0 88.018354 73.968992
N: 1 65.767467 7.244783
N: 2 18.514761 84.947726
N: 3 51.358354 9.351634
N: 4 51.351450 31.446776
N: 5 4.382112 54.042545
N: 6 60.781628 89.133937
N: 7 85.704249 52.895133
N: 8 77.415787 61.633874
N: 9 54.687298 67.550819
N: 10 58.142662 58.842017
N: 11 43.413838 47.747916
N: 12 22.447631 38.037658
N: 13 0.399713 59.728177
N: 14 71.217510 95.082231
N: 15 46.552035 94.966336
N: 16 2.156950 6.004620
N: 17 93.280260 81.697920
N: 18 0.541968 7.276679
N: 19 81.650015 95.838722
N: 20 25.097703 24.219070
N: 21 75.444775 6.267082
N: 22 59.973416 58.126580
N: 23 71.944957 35.301179
N: 24 52.195575 15.980637
N: 25 25.063274 71.560778
N: 26 84.818861 81.310198
N: 27 73.374035 17.656958
N: 28 82.040545 92.847095
N: 29 68.186078 35.253147
N: 30 82.809177 13.360427
N: 31 38.403942 97.791815
N: 32 33.491121 54.121945
N: 33 29.385429 44.486822
N: 34 12.114861 35.209676
N: 35 32.746828 69.777254
N: 36 42.927660 30.897187
N: 37 54.472958 70.537535
N: 38 73.364905 94.612799
N: 39 25.995708 56.544536
G: 26 28
G: 26 17
G: 8 22
G: 8 7
N: 0 93.470982 18.818333
N: 1 91.575891 45.278931
N: 2 58.258522 54.516800
N: 3 65.805126 87.569550
N: 4 2.100923 84.119237
N: 5 78.306610 0.861338
N: 6 56.416984 95.050325
N: 7 24.180714 43.290307
N: 8 80.275685 31.846747
N: 9 80.648034 51.671807
N: 10 68.499847 71.006565
N: 11 41.592310 87.325652
N: 12 16.485632 42.512428
N: 13 47.689253 16.747350
N: 14 99.401978 96.450722
N: 15 81.661359 74.272690
N: 16 68.912642 24.096721
N: 17 11.615553 99.107097
N: 18 4.144466 26.509855
N: 19 46.775679 66.222568
N: 20 76.045624 22.988904
N: 21 70.311165 50.961804
N: 22 26.692787 2.436949
N: 23 11.706921 70.650295
N: 24 34.663027 46.434197
N: 25 11.250858 62.933182
N: 26 30.633484 54.586804
N: 27 82.321533 2.272688
N: 28 66.966225 85.030474
N: 29 62.604950 45.518406
N: 30 94.119967 69.980645
N: 31 40.604560 84.964160
N: 32 76.134649 75.862934
N: 33 93.263002 81.809669
N: 34 62.204935 32.210058
N: 35 20.491814 51.655089
N: 36 18.686470 13.473996
N: 37 64.891150 81.270345
N: 38 66.761740 79.983732
N: 39 38.323125 53.627038
G: 20 8
G: 20 16
G: 27 5
N: 0 54.740121 52.793759
N: 1 74.661595 64.068226
N: 2 79.711006 52.955754
N: 3 62.466160 53.239262
N: 4 17.744732 61.768082
N: 5 49.336903 83.891126
N: 6 36.573122 71.946167
N: 7 62.046000 38.194931
N: 8 29.666229 78.658495
N: 9 31.071830 64.810182
N: 10 49.331700 93.774119
N: 11 40.518693 74.551180
N: 12 48.980900 36.689331
N: 13 71.859871 45.811572
N: 14 23.967226 35.623850
N: 15 95.549635 63.338575
N: 16 36.494708 50.184678
N: 17 57.485389 62.126326
N: 18 12.840058 71.122379
N: 19 9.240644 3.211655
N: 20 55.085642 35.596766
N: 21 98.738745 15.748339
N: 22 80.594736 25.632295
N: 23 81.484645 40.258462
N: 24 22.965715 76.535194
N: 25 32.032539 1.825103
N: 26 33.181874 39.332353
N: 27 19.433672 49.590490
N: 28 19.438632 57.158281
N: 29 77.164387 63.366186
N: 30 70.461326 13.129204
N: 31 73.528920 17.390552
N: 32 83.352666 12.872094
N: 33 95.531581 53.248194
N: 34 31.222746 66.179304
N: 35 23.918854 63.958936
N: 36 61.122432 51.878381
N: 37 67.865532 64.761100
N: 38 2.760641 79.705477
N: 39 61.718665 21.829612
G: 36 3
G: 17 37
N: 0 61.097388 81.398568
N: 1 76.089488 22.196168
N: 2 72.764976 72.112010
N: 3 46.634579 10.187595
N: 4 10.033840 94.910941
N: 5 88.476338 90.677541
N: 6 11.929397 25.219390
N: 7 54.140786 64.281320
N: 8 43.324737 87.977203
N: 9 55.361399 93.981844
N: 10 10.972965 74.769553
N: 11 0.491893 72.443047
N: 12 12.646287 86.605552
N: 13 69.488955 41.713977
N: 14 94.140783 56.441918
N: 15 41.019123 67.074122
N: 16 54.902848 3.736988
N: 17 4.077880 86.234504
N: 18 81.754521 21.103010
N: 19 31.140608 70.455425
N: 20 61.546179 50.495129
N: 21 71.583436 87.697249
N: 22 24.346974 9.296685
N: 23 22.549776 61.339369
N: 24 14.541514 40.084806
N: 25 71.611478 39.331962
N: 26 24.356828 59.039837
N: 27 71.285352 33.345092
N: 28 9.188925 72.613430
N: 29 19.279180 67.739479
N: 30 90.460574 80.664498
N: 31 70.233903 76.796758
N: 32 2.327579 48.054346
N: 33 41.620870 70.091629
N: 34 33.332272 91.210068
N: 35 65.636422 30.473857
N: 36 60.018903 37.162707
N: 37 42.977258 56.200187
N: 38 78.137667 54.855948
N: 39 62.343984 74.943237
G: 39 7
G: 39 31
G: 9 8
N: 0 36.617782 46.901156
N: 1 90.171074 94.252926
N: 2 46.137836 85.648904
N: 3 29.525559 49.618820
N: 4 5.661298 18.417924
N: 5 91.344633 71.920607
N: 6 79.501341 21.611685
N: 7 69.819489 78.475534
N: 8 87.402265 64.202242
N: 9 2.597349 25.157471
N: 10 81.518569 39.703112
N: 11 29.752955 1.143862
N: 12 97.431225 41.525682
N: 13 90.068017 70.347043
N: 14 81.486749 90.093657
N: 15 42.077446 67.765686
N: 16 95.687711 81.036810
N: 17 46.571049 8.951015
N: 18 13.403871 16.050630
N: 19 64.411491 27.247435
N: 20 75.530535 80.742656
N: 21 44.987760 86.226134
N: 22 28.927675 85.637098
N: 23 27.950111 3.072754
N: 24 84.628527 37.218684
N: 25 11.664985 64.566562
N: 26 91.755320 28.504299
N: 27 92.558770 96.629132
N: 28 73.839058 76.495484
N: 29 3.720744 54.490880
N: 30 77.778603 82.717176
N: 31 97.667164 39.232678
N: 32 69.226830 86.430810
N: 33 83.874571 1.473994
N: 34 24.866061 69.596302
N: 35 61.497441 70.698928
N: 36 82.998188 43.519418
N: 37 59.654301 14.042016
N: 38 17.031628 32.454327
N: 39 16.664101 83.132203
G: 3 34
N: 0 32.760260 89.470069
N: 1 54.040205 14.118756
N: 2 70.484283 56.241716
N: 3 50.539615 47.822822
N: 4 42.620081 23.455374
N: 5 53.403996 57.904477
N: 6 36.709781 58.538964
N: 7 18.021691 8.986608
N: 8 28.258492 96.356767
N: 9 76.077326 70.103886
N: 10 48.383328 54.794282
N: 11 70.870961 82.377498
N: 12 9.962680 63.798765
N: 13 92.471015 42.138743
N: 14 21.065094 17.183154
N: 15 9.999641 19.711694
N: 16 39.221933 86.468131
N: 17 16.498434 60.276973
N: 18 27.974330 93.067684
N: 19 8.115506 32.222050
N: 20 45.911873 4.054483
N: 21 17.812642 9.843448
N: 22 96.820584 43.048465
N: 23 59.941988 25.409448
N: 24 43.231193 50.446533
N: 25 14.430492 2.181819
N: 26 53.194512 86.404794
N: 27 92.814832 28.389879
N: 28 20.001706 69.566826
N: 29 15.435244 37.477528
N: 30 1.538002 84.139508
N: 31 80.341100 6.164691
N: 32 2.326105 97.945926
N: 33 75.593053 92.963355
N: 34 24.897001 43.843307
N: 35 51.554763 85.790605
N: 36 3.631145 72.402350
N: 37 90.010653 49.564764
N: 38 75.565807 3.567792
N: 39 31.592251 35.897245
G: 18 8
G: 16 35
G: 35 26
G: 26 11
G: 11 33
G: 11 9
G: 9 2
G: 2 5
G: 2 37
G: 5 10
G: 37 13
G: 10 24
G: 10 3
G: 13 22
G: 13 27
G: 24 39
G: 24 6
G: 39 34
G: 39 4
G: 4 1
G: 1 23
G: 1 20
G: 1 38
G: 38 31
N: 0 30.991410 0.789287
N: 1 69.209974 26.221333
N: 2 31.678484 84.767258
N: 3 8.335493 86.624043
N: 4 95.821616 36.648897
N: 5 62.044990 97.589173
N: 6 77.575853 94.242144
N: 7 7.303307 6.993470
N: 8 93.432618 91.118606
N: 9 90.159347 13.933184
N: 10 61.046678 87.640530
N: 11 65.705262 81.238502
N: 12 12.007628 33.543921
N: 13 29.562562 34.936522
N: 14 75.453191 31.202693
N: 15 71.642522 50.712460
N: 16 42.186468 12.235234
N: 17 20.502187 73.118540
N: 18 98.025964 41.069651
N: 19 30.812613 47.175631
N: 20 22.113564 12.361727
N: 21 76.761729 94.550419
N: 22 20.647960 5.980257
N: 23 4.370138 77.044695
N: 24 60.029411 9.116207
N: 25 91.948844 30.394664
N: 26 34.078842 82.188422
N: 27 61.033893 64.360553
N: 28 13.773297 59.244858
N: 29 68.181788 61.427236
N: 30 59.046301 39.975563
N: 31 78.710803 62.813391
N: 32 89.015657 16.457340
N: 33 68.897679 81.503635
N: 34 5.356909 3.366041
N: 35 29.924205 86.405427
N: 36 49.566146 3.427685
N: 37 93.563547 64.066219
N: 38 56.552708 45.134441
N: 39 45.750066 68.194117
G: 22 7
G: 22 20
G: 16 36
G: 7 34
G: 36 24
G: 24 1
G: 1 14
G: 1 30
G: 14 25
G: 30 38
G: 38 15
G: 25 4
G: 25 32
G: 4 18
G: 32 9
G: 15 29
G: 29 27
G: 29 31
G: 27 11
G: 27 39
G: 31 37
G: 39 26
G: 11 33
G: 11 10
G: 10 5
G: 26 2
G: 5 21
G: 2 35
G: 2 17
G: 21 6
G: 17 23
G: 17 28
G: 6 8
G: 28 19
G: 19 13
G: 13 12
N: 0 27.732391 59.858936
N: 1 37.045979 50.938213
N: 2 10.104375 9.773758
N: 3 4.055762 74.509684
N: 4 96.165052 0.125616
N: 5 45.529864 68.098835
N: 6 1.332263 71.400492
N: 7 30.567801 64.563648
N: 8 46.500008 46.497669
N: 9 8.583939 7.176139
N: 10 32.867825 32.223931
N: 11 63.103855 79.804495
N: 12 60.336637 11.542983
N: 13 29.709415 27.868883
N: 14 94.087556 7.680531
N: 15 35.596498 90.662730
N: 16 23.890680 8.992389
N: 17 73.674878 80.014596
N: 18 17.668934 64.789127
N: 19 57.081776 96.918715
N: 20 58.629336 25.458099
N: 21 39.897104 53.471983
N: 22 48.310972 70.336623
N: 23 73.884313 3.895530
N: 24 9.948098 99.731635
N: 25 90.664606 3.436896
N: 26 2.718472 87.433652
N: 27 92.724011 46.605983
N: 28 48.194934 51.212725
N: 29 42.219771 36.537887
N: 30 85.752753 31.557358
N: 31 61.925895 8.692158
N: 32 91.293821 79.273531
N: 33 8.245233 36.266591
N: 34 87.235644 14.670428
N: 35 93.063572 28.260033
N: 36 62.909718 78.636209
N: 37 86.573761 5.626879
N: 38 67.856078 67.837582
N: 39 85.031350 80.001606
G: 7 5
G: 18 3
G: 1 21
G: 21 28
G: 5 22
G: 3 6
G: 3 26
G: 22 36
G: 28 8
G: 26 24
G: 8 29
G: 36 11
G: 36 38
G: 29 20
G: 29 10
G: 11 19
G: 11 17
G: 10 13
G: 17 39
G: 19 15
G: 20 12
G: 13 33
G: 13 16
G: 39 32
G: 12 31
G: 16 2
G: 31 23
G: 2 9
G: 23 37
G: 37 25
G: 37 34
G: 25 4
G: 25 14
G: 34 35
G: 35 30
G: 30 27
N: 0 66.642983 76.354274
N: 1 99.442726 59.689396
N: 2 20.707392 42.807012
N: 3 42.766363 85.719232
N: 4 77.076177 9.434752
N: 5 84.720854 62.405951
N: 6 4.032759 17.436496
N: 7 9.126119 60.361294
N: 8 31.916792 14.084073
N: 9 65.389766 92.145490
N: 10 13.262627 77.020860
N: 11 0.637662 61.698781
N: 12 91.765381 52.989463
N: 13 83.909230 11.681391
N: 14 20.458060 33.392604
N: 15 55.479462 16.825913
N: 16 23.147605 39.059039
N: 17 76.259254 85.118407
N: 18 43.107690 7.484008
N: 19 85.662452 21.256360
N: 20 15.996270 95.390857
N: 21 38.018699 16.507725
N: 22 80.348316 64.942000
N: 23 70.946688 37.247037
N: 24 25.022557 10.691046
N: 25 36.657925 11.330491
N: 26 53.896406 29.782800
N: 27 97.467091 1.025488
N: 28 92.352815 33.858170
N: 29 1.010494 7.254035
N: 30 37.220066 34.169163
N: 31 64.474677 62.432364
N: 32 48.776104 19.097584
N: 33 7.611588 48.273642
N: 34 29.653472 47.402185
N: 35 84.214661 33.699834
N: 36 23.295580 88.528827
N: 37 66.336021 80.135125
N: 38 77.578953 89.258132
N: 39 90.192848 68.708986
G: 37 9
G: 37 17
G: 31 22
G: 17 38
N: 0 13.475173 71.836884
N: 1 20.128408 60.604275
N: 2 52.863000 46.063140
N: 3 48.551892 62.396973
N: 4 48.122821 97.528185
N: 5 61.320493 76.840038
N: 6 87.652543 38.299196
N: 7 78.524205 20.068339
N: 8 94.592109 58.092606
N: 9 54.438476 60.346362
N: 10 2.999228 76.024587
N: 11 55.540178 19.115914
N: 12 48.361962 51.283393
N: 13 84.647806 14.120867
N: 14 38.692850 92.319392
N: 15 51.145898 86.247816
N: 16 80.634537 92.450539
N: 17 36.369147 70.176319
N: 18 29.636529 36.832792
N: 19 82.226320 7.145374
N: 20 42.067033 76.697120
N: 21 15.871187 85.350551
N: 22 42.454368 77.367630
N: 23 20.543749 10.656726
N: 24 79.060456 82.943182
N: 25 19.527442 70.642543
N: 26 47.189242 98.318046
N: 27 65.262583 39.091088
N: 28 73.376178 96.414606
N: 29 75.565158 51.887219
N: 30 43.510539 51.333000
N: 31 19.749711 53.533114
N: 32 60.723006 90.228565
N: 33 37.492640 5.577308
N: 34 49.704792 24.485660
N: 35 92.353539 7.621275
N: 36 47.407004 71.336500
N: 37 62.836994 5.439026
N: 38 31.267084 38.013180
N: 39 52.825411 43.502817
G: 25 17
G: 25 1
G: 1 31
G: 17 20
G: 20 36
G: 20 22
G: 22 15
G: 36 3
G: 15 4
G: 15 32
G: 32 5
G: 32 28
G: 4 26
G: 26 14
G: 28 16
G: 16 24
N: 0 58.124024 92.163354
N: 1 31.224196 96.278774
N: 2 93.266512 2.592471
N: 3 36.342004 64.130167
N: 4 22.634284 66.994440
N: 5 28.493677 80.898859
N: 6 38.093538 79.739594
N: 7 16.136635 63.753416
N: 8 50.004108 65.722935
N: 9 38.334669 53.071131
N: 10 8.384073 27.655919
N: 11 38.552971 45.546186
N: 12 59.901661 96.747251
N: 13 14.474383 26.088421
N: 14 68.733943 85.088891
N: 15 72.965522 91.636588
N: 16 80.096989 11.188215
N: 17 89.912732 18.066500
N: 18 51.973967 96.760184
N: 19 57.392312 90.426775
N: 20 79.860701 74.427455
N: 21 88.563342 48.378422
N: 22 4.673838 49.188676
N: 23 29.501400 22.413885
N: 24 80.512729 59.051848
N: 25 52.711402 3.208172
N: 26 11.059905 42.466388
N: 27 41.297913 10.494994
N: 28 16.415392 27.613313
N: 29 51.537576 61.125344
N: 30 23.992139 53.720271
N: 31 49.361112 17.806643
N: 32 7.700864 78.745698
N: 33 36.241632 82.770312
N: 34 2.468692 77.945196
N: 35 47.169502 5.350759
N: 36 43.769375 15.127915
N: 37 21.269118 33.133752
N: 38 34.757252 67.216404
N: 39 4.120200 86.769841
G: 19 14
G: 18 1
G: 14 15
G: 14 20
G: 1 33
G: 20 24
G: 33 5
G: 33 6
G: 24 21
G: 6 38
G: 38 4
G: 38 3
G: 3 9
G: 3 8
G: 4 7
G: 9 11
G: 8 29
G: 7 32
G: 7 30
G: 32 34
G: 32 39
N: 0 6.903465 11.365404
N: 1 15.265670 35.908190
N: 2 2.662708 38.960084
N: 3 80.058744 41.371426
N: 4 44.098417 54.885351
N: 5 83.634512 12.461936
N: 6 30.564882 27.706228
N: 7 62.311885 18.497384
N: 8 12.289130 2.660042
N: 9 76.431210 20.459222
N: 10 14.228679 21.183716
N: 11 19.196088 65.549375
N: 12 98.868469 84.855443
N: 13 26.812782 61.785460
N: 14 44.798397 67.062154
N: 15 41.117442 65.727208
N: 16 35.282616 13.458179
N: 17 85.875811 54.628115
N: 18 91.912861 57.277585
N: 19 98.576704 46.721385
N: 20 46.050840 78.339685
N: 21 96.950223 78.084102
N: 22 71.459796 94.532064
N: 23 32.417589 95.911737
N: 24 32.077422 15.168541
N: 25 16.788694 57.846365
N: 26 46.993597 55.447008
N: 27 94.917879 89.762976
N: 28 89.015891 89.434322
N: 29 58.543022 27.096996
N: 30 78.785859 41.039466
N: 31 95.906371 56.774259
N: 32 80.816933 77.349649
N: 33 96.870593 64.939407
N: 34 47.369591 5.175747
N: 35 5.783217 25.265314
N: 36 17.025616 2.294642
N: 37 14.004731 61.107153
N: 38 63.857423 13.579223
N: 39 60.058370 58.338641
G: 8 36
G: 10 35
G: 35 2
G: 2 1
G: 1 6
G: 1 25
G: 6 24
G: 25 37
G: 37 11
G: 24 16
G: 11 13
G: 16 34
G: 13 15
G: 34 38
G: 15 4
G: 15 14
G: 38 7
G: 14 20
G: 4 26
G: 7 29
G: 7 9
G: 26 39
G: 20 23
G: 9 30
G: 9 5
N: 0 15.939802 82.652050
N: 1 19.605373 98.201618
N: 2 61.644830 20.030492
N: 3 66.986750 57.657705
N: 4 86.572546 22.894926
N: 5 41.601284 76.643825
N: 6 80.799486 64.199211
N: 7 57.005200 38.726799
N: 8 18.647137 98.401006
N: 9 31.178905 85.419957
N: 10 98.669932 85.906872
N: 11 25.429376 84.326343
N: 12 26.086956 67.929096
N: 13 4.018245 28.761405
N: 14 85.819373 36.901293
N: 15 24.224681 8.389438
N: 16 74.543258 1.330545
N: 17 15.288737 6.850474
N: 18 91.359429 67.375442
N: 19 44.943908 59.472580
N: 20 53.899223 62.437216
N: 21 33.942745 21.491196
N: 22 38.820316 68.291087
N: 23 37.447560 42.143056
N: 24 33.778508 6.397418
N: 25 35.265723 38.646226
N: 26 7.851812 21.494976
N: 27 77.563464 59.192056
N: 28 88.648818 23.150135
N: 29 43.596503 37.043330
N: 30 66.643289 41.400265
N: 31 2.447419 12.522621
N: 32 94.579940 70.859116
N: 33 25.325343 17.196507
N: 34 31.180913 30.256481
N: 35 71.341332 24.763513
N: 36 45.135399 76.046901
N: 37 12.743765 4.293528
N: 38 87.314120 10.964729
N: 39 10.092503 85.779823
N: 0 49.486864 59.180821
N: 1 76.887414 71.623437
N: 2 84.262092 31.847565
N: 3 11.885674 57.870676
N: 4 33.582301 51.983094
N: 5 95.440251 32.950448
N: 6 91.677375 34.514971
N: 7 9.915643 68.193608
N: 8 28.051331 93.885226
N: 9 86.029345 69.955424
N: 10 62.037973 21.590120
N: 11 63.240033 82.077917
N: 12 18.841907 38.981706
N: 13 48.436434 9.951991
N: 14 14.483071 35.506033
N: 15 93.652670 36.400386
N: 16 49.629036 97.024003
N: 17 49.300658 0.769965
N: 18 94.502306 34.736085
N: 19 84.222587 57.176457
N: 20 64.177147 77.426262
N: 21 50.499589 91.954241
N: 22 73.903071 48.841214
N: 23 2.377339 21.781908
N: 24 83.038657 82.380090
N: 25 21.253263 12.355642
N: 26 23.908378 61.276826
N: 27 47.133448 99.173506
N: 28 96.697984 47.085568
N: 29 51.276352 18.188483
N: 30 68.339195 13.970619
N: 31 32.647117 80.476418
N: 32 49.620680 19.961743
N: 33 16.152089 74.197756
N: 34 56.428139 88.873901
N: 35 5.663315 20.770386
N: 36 79.549374 12.723875
N: 37 83.725771 50.052990
N: 38 7.152984 82.714682
N: 39 65.673427 16.882768
N: 0 53.226541 33.783757
N: 1 61.112885 64.918055
N: 2 67.224924 38.521573
N: 3 44.514225 82.422254
N: 4 50.495398 63.482507
N: 5 92.262150 70.755769
N: 6 78.289523 37.644852
N: 7 7.380274 50.729572
N: 8 97.298735 40.951062
N: 9 68.994237 76.727039
N: 10 67.736364 63.130377
N: 11 87.548230 60.992571
N: 12 10.943146 59.815941
N: 13 92.350839 92.935523
N: 14 60.152552 59.230954
N: 15 91.311364 85.253220
N: 16 37.934799 97.773044
N: 17 34.205810 89.492589
N: 18 52.533287 82.881120
N: 19 9.867283 35.804285
N: 20 19.264071 90.604906
N: 21 42.334463 56.889840
N: 22 64.877097 12.275717
N: 23 7.930228 9.372971
N: 24 80.682133 27.534825
N: 25 4.058418 28.633570
N: 26 3.558398 8.858927
N: 27 68.151708 12.937753
N: 28 50.724819 44.858111
N: 29 74.235564 40.843032
N: 30 23.225010 49.657920
N: 31 45.069785 99.385846
N: 32 51.483238 4.948499
N: 33 19.907103 17.099919
N: 34 24.088898 1.458705
N: 35 21.200531 53.902495
N: 36 53.792573 66.155971
N: 37 89.844536 27.579759
N: 38 51.326638 16.573257
N: 39 82.658921 8.971299
N: 0 82.200022 29.146308
N: 1 91.667316 48.784986
N: 2 21.465202 35.385496
N: 3 74.876485 79.640011
N: 4 77.560268 45.183511
N: 5 13.704338 55.120491
N: 6 38.457755 22.099671
N: 7 83.571639 7.261972
N: 8 48.167410 48.164164
N: 9 82.931348 49.674857
N: 10 8.525074 67.716759
N: 11 53.660888 84.340872
N: 12 98.853954 87.851860
N: 13 87.392732 49.434715
N: 14 81.457507 85.183409
N: 15 41.327241 17.884568
N: 16 40.544802 79.147706
N: 17 27.051446 74.206829
N: 18 91.434702 90.791293
N: 19 10.175186 98.057818
N: 20 50.476325 65.685882
N: 21 5.368408 79.841528
N: 22 82.614015 47.180577
N: 23 52.017726 81.392830
N: 24 6.685684 13.230276
N: 25 63.623891 56.126391
N: 26 72.043220 14.199022
N: 27 31.993304 76.637890
N: 28 78.770260 98.282439
N: 29 41.032202 21.986024
N: 30 76.155105 97.891508
N: 31 95.921419 59.687990
N: 32 9.799314 66.138164
N: 33 22.870451 79.143296
N: 34 32.843015 21.798381
N: 35 54.950013 96.757774
N: 36 67.332895 74.045251
N: 37 68.715166 14.846353
N: 38 5.065050 44.167796
N: 39 66.781419 39.750448
N: 0 28.474570 15.766264
N: 1 36.671769 72.911444
N: 2 29.142996 90.356723
N: 3 24.901381 15.059743
N: 4 39.072950 30.488417
N: 5 48.381795 84.923027
N: 6 89.188992 56.511019
N: 7 22.843569 24.651958
N: 8 2.075479 37.338077
N: 9 75.697065 29.881374
N: 10 80.797121 76.066604
N: 11 68.623589 61.586726
N: 12 42.662129 3.660248
N: 13 74.989776 64.074780
N: 14 36.250101 82.531473
N: 15 4.293257 39.843961
N: 16 26.334703 66.597228
N: 17 59.891197 15.312558
N: 18 12.446268 57.166460
N: 19 84.812964 50.395058
N: 20 70.160488 71.026395
N: 21 61.438359 68.837848
N: 22 29.502987 78.972060
N: 23 75.814326 21.801760
N: 24 18.006519 66.254374
N: 25 28.183640 32.264338
N: 26 81.273272 68.058391
N: 27 45.212519 72.226193
N: 28 86.414228 10.437721
N: 29 5.030658 6.945924
N: 30 23.286598 75.290409
N: 31 66.464985 53.583846
N: 32 22.782187 54.051563
N: 33 63.219823 32.844520
N: 34 69.454599 69.416414
N: 35 13.662471 40.648709
N: 36 33.912900 43.522010
N: 37 49.293567 58.492392
N: 38 91.185255 32.114598
N: 39 35.440329 92.905118
N: 0 54.937491 28.866706
N: 1 47.648741 51.980502
N: 2 74.370217 99.319170
N: 3 94.709499 50.923803
N: 4 12.344147 60.877178
N: 5 42.348304 20.944338
N: 6 33.759926 12.642772
N: 7 20.520359 77.311007
N: 8 43.496899 77.512670
N: 9 32.160803 2.446371
N: 10 80.460676 90.553020
N: 11 57.616646 34.703690
N: 12 22.388780 7.137707
N: 13 26.640328 8.653989
N: 14 96.841200 74.505081
N: 15 59.553781 73.790701
N: 16 40.324409 93.763064
N: 17 63.813569 21.107937
N: 18 70.145241 36.569216
N: 19 45.155387 88.621429
N: 20 39.839588 38.417770
N: 21 4.715028 51.281196
N: 22 4.370386 20.521583
N: 23 64.090667 17.588520
N: 24 88.717430 1.224772
N: 25 94.390091 42.883548
N: 26 62.220682 1.617784
N: 27 18.557929 11.806002
N: 28 61.727356 70.769041
N: 29 88.981321 91.437380
N: 30 29.887487 91.933109
N: 31 71.989496 88.846607
N: 32 73.611828 77.138808
N: 33 61.603152 97.946514
N: 34 63.978306 43.923015
N: 35 84.904273 1.549329
N: 36 14.928783 44.813402
N: 37 35.317905 12.820144
N: 38 33.561309 18.441403
N: 39 0.738689 51.438072
N: 0 77.843562 89.482160
N: 1 62.059742 18.099176
N: 2 90.026316 4.959552
N: 3 14.254198 86.187224
N: 4 39.653562 94.643285
N: 5 76.713182 13.159340
N: 6 57.381530 39.500674
N: 7 86.379244 74.577744
N: 8 82.523843 87.202593
N: 9 39.797182 13.957207
N: 10 96.201849 93.685146
N: 11 26.011826 39.671499
N: 12 58.735203 1.515761
N: 13 40.518568 90.951891
N: 14 23.627409 47.900658
N: 15 55.038329 18.352364
N: 16 8.112205 87.908759
N: 17 78.102665 13.282493
N: 18 11.716220 61.963528
N: 19 30.928942 8.631417
N: 20 1.953208 84.011707
N: 21 60.169657 99.237027
N: 22 63.311177 30.170809
N: 23 60.217832 1.725212
N: 24 34.319905 64.444713
N: 25 65.449524 13.591044
N: 26 14.645672 69.152891
N: 27 82.537680 95.890156
N: 28 16.927195 39.137681
N: 29 72.754413 5.724030
N: 30 25.473893 18.264217
N: 31 57.576741 58.134581
N: 32 48.131201 28.871416
N: 33 62.936070 16.244135
N: 34 89.306406 97.003232
N: 35 75.143349 49.803763
N: 36 73.699314 2.009925
N: 37 29.484775 25.401467
N: 38 46.497431 90.323606
N: 39 10.400861 42.958489
N: 0 16.356383 3.475361
N: 1 26.755274 91.334032
N: 2 68.991837 3.689514
N: 3 52.736498 59.405997
N: 4 28.591666 33.891653
N: 5 88.394501 20.593901
N: 6 88.944851 28.709512
N: 7 75.360541 3.354036
N: 8 7.945064 80.427946
N: 9 38.742129 70.731649
N: 0 81.992443 17.356830
N: 1 93.137926 59.792215
N: 2 18.118571 17.253230
N: 3 26.672032 50.523791
N: 4 92.672446 98.747691
N: 5 67.439065 13.163423
N: 6 58.305438 20.692074
N: 7 66.791328 82.325744
N: 8 93.811076 45.410044
N: 9 30.727880 97.207983
N: 0 25.153554 69.861856
N: 1 80.545082 14.177398
N: 2 92.481319 44.028452
N: 3 88.004252 20.252365
N: 4 99.899570 1.134239
N: 5 96.012288 49.046500
N: 6 47.455145 10.663738
N: 7 60.238543 67.291280
N: 8 96.168702 21.554884
N: 9 52.283078 8.068370
N: 0 82.830172 51.737380
N: 1 12.983382 91.985759
N: 2 97.284635 71.418671
N: 3 39.919420 22.811846
N: 4 8.303293 79.644065
N: 5 26.856389 77.198030
N: 6 91.710958 28.503084
N: 7 87.718285 48.065706
N: 8 85.891424 8.827159
N: 9 11.421311 27.481322
N: 0 98.315184 59.705043
N: 1 46.234644 21.256003
N: 2 90.392938 92.573983
N: 3 74.813005 50.328608
N: 4 6.360756 68.791605
N: 5 90.893088 87.042326
N: 6 11.251513 70.890393
N: 7 97.149419 18.906371
N: 8 39.845068 80.634324
N: 9 38.002344 49.725612
N: 0 80.651535 46.651121
N: 1 73.922789 3.626114
N: 2 92.855386 20.138623
N: 3 0.889620 79.389457
N: 4 37.600230 86.655708
N: 5 61.789944 4.568973
N: 6 93.060443 68.270324
N: 7 77.717876 49.023484
N: 8 49.005730 46.425411
N: 9 0.343374 14.076900
N: 0 28.305376 97.191999
N: 1 36.019780 74.993117
N: 2 62.289438 42.369598
N: 3 34.402973 11.742566
N: 4 10.930166 28.985099
N: 5 23.100462 74.991533
N: 6 96.797142 6.499044
N: 7 95.419570 5.789498
N: 8 83.255588 24.104377
N: 9 80.780669 49.407561
N: 0 86.198713 86.405774
N: 1 90.431927 95.109453
N: 2 40.486635 50.152611
N: 3 57.820123 94.336743
N: 4 58.689794 48.103881
N: 5 2.728670 90.490700
N: 6 53.528868 67.316683
N: 7 55.969275 4.699553
N: 8 88.944112 70.659159
N: 9 61.723469 83.490855
N: 0 31.221757 93.682530
N: 1 52.417957 85.702782
N: 2 29.443648 45.188398
N: 3 40.768250 98.994366
N: 4 61.135085 90.639888
N: 5 41.682550 71.909084
N: 6 25.230840 65.545887
N: 7 86.490410 2.488127
N: 8 25.904334 52.348078
N: 9 64.826761 70.336454
N: 10 61.391680 1.667168
N: 11 72.551324 96.638558
N: 12 38.639744 4.211712
N: 13 13.821940 51.083897
N: 14 86.231104 16.513695
N: 15 31.653253 15.810802
N: 16 83.894656 2.473074
N: 17 55.680097 76.408989
N: 18 10.976159 89.301268
N: 19 32.234863 63.640043
N: 20 84.030493 76.992074
N: 21 90.613572 79.068246
N: 22 65.420215 78.756473
N: 23 83.746377 50.302473
N: 24 83.197526 4.444896
N: 25 19.879402 95.280683
N: 26 28.282302 50.245665
N: 27 63.423708 42.854671
N: 28 97.748955 24.288588
N: 29 69.639243 82.696850
N: 30 21.418644 41.567762
N: 31 42.271249 9.940377
N: 32 50.401420 27.582535
N: 33 71.031615 18.883048
N: 34 72.630053 78.774676
N: 35 13.572991 39.273296
N: 36 82.555145 32.851812
N: 37 94.512372 26.548079
N: 38 22.063918 41.589892
N: 39 24.465956 4.742833
N: 0 47.221459 56.706279
N: 1 10.306728 58.101962
N: 2 70.056916 37.622380
N: 3 45.861038 30.825569
N: 4 70.665464 94.614223
N: 5 90.398803 89.931537
N: 6 65.752224 88.289080
N: 7 90.155103 14.367881
N: 8 36.192368 40.197978
N: 9 57.342832 29.613108
N: 10 89.994484 98.716807
N: 11 16.281639 37.022470
N: 12 68.803414 46.799960
N: 13 9.661579 43.418047
N: 14 1.441817 44.139227
N: 15 32.446597 61.373449
N: 16 58.521307 77.382073
N: 17 69.967862 89.256380
N: 18 97.211760 12.561935
N: 19 30.391070 44.185860
N: 20 13.834202 28.822298
N: 21 16.273765 65.073290
N: 22 58.519760 47.413733
N: 23 64.279637 45.249947
N: 24 55.917626 83.752856
N: 25 70.973919 37.909362
N: 26 35.785617 71.695448
N: 27 60.680682 84.680047
N: 28 6.668243 4.900656
N: 29 81.451119 3.101764
N: 30 46.492274 74.801944
N: 31 57.339477 48.423912
N: 32 9.967427 93.110313
N: 33 67.370478 66.348922
N: 34 45.283763 46.592181
N: 35 90.843553 8.728437
N: 36 91.092020 56.329757
N: 37 78.427650 55.725946
N: 38 8.068013 94.482185
N: 39 42.009181 29.965331
N: 0 10.801872 33.333281
N: 1 90.898314 42.741121
N: 2 33.143968 61.840641
N: 3 29.240670 31.846793
N: 4 79.774039 3.603278
N: 5 1.079408 88.028934
N: 6 18.905167 56.815625
N: 7 98.368861 1.375615
N: 8 6.896714 14.022080
N: 9 1.945049 70.704715
N: 10 22.962143 32.018456
N: 11 46.299238 68.236177
N: 12 67.490808 39.890263
N: 13 38.222271 74.426299
N: 14 93.269067 89.085353
N: 15 41.087057 70.177778
N: 16 58.143482 14.756604
N: 17 36.821992 70.675602
N: 18 72.937737 51.701114
N: 19 6.585418 7.957963
N: 20 5.868080 16.508355
N: 21 90.540956 79.601283
N: 22 99.170139 76.490329
N: 23 14.009184 28.003052
N: 24 19.656654 67.672595
N: 25 66.214529 78.290172
N: 26 54.025220 89.677838
N: 27 48.731897 20.430009
N: 28 89.423727 53.338977
N: 29 34.296501 25.332756
N: 30 6.207594 32.343298
N: 31 1.600134 28.598179
N: 32 82.518751 83.113002
N: 33 76.941316 15.977723
N: 34 74.841595 79.868974
N: 35 30.370323 31.856175
N: 36 80.505265 36.526469
N: 37 72.038437 50.520496
N: 38 37.926157 67.105510
N: 39 88.983714 23.570951
N: 0 56.071628 17.429044
N: 1 23.746369 69.486300
N: 2 43.301384 75.153129
N: 3 89.087743 7.411653
N: 4 37.859413 6.786471
N: 5 0.215345 27.908367
N: 6 24.328399 54.092431
N: 7 52.665169 81.632643
N: 8 54.641689 94.152962
N: 9 38.946060 21.353155
N: 10 41.069088 81.059399
N: 11 86.555108 64.132096
N: 12 48.499159 52.160503
N: 13 84.035654 92.903165
N: 14 38.340777 97.388015
N: 15 46.097775 5.922274
N: 16 0.694761 35.600848
N: 17 87.852704 16.997198
N: 18 78.858863 50.020163
N: 19 51.056587 17.850345
N: 20 49.397255 35.069184
N: 21 33.390721 55.183833
N: 22 16.818512 24.676916
N: 23 23.601463 13.716952
N: 24 67.717854 26.002982
N: 25 5.118125 67.963743
N: 26 30.158101 12.267357
N: 27 38.443902 25.507573
N: 28 64.978694 94.179331
N: 29 93.674484 14.379970
N: 30 40.072207 59.200867
N: 31 61.172516 9.129067
N: 32 41.160544 13.211003
N: 33 52.316692 57.444371
N: 34 35.463777 92.559575
N: 35 24.329259 34.549825
N: 36 52.978625 18.106803
N: 37 34.971590 89.896258
N: 38 32.332068 20.488123
N: 39 51.993910 65.540993
N: 0 54.701407 37.680852
N: 1 89.833754 94.528432
N: 2 46.996145 51.469195
N: 3 4.837019 15.784215
N: 4 19.652406 43.425674
N: 5 11.641477 70.504955
N: 6 65.243241 22.879427
N: 7 56.647732 5.940398
N: 8 26.377188 55.688915
N: 9 71.915308 8.363811
N: 10 96.731255 93.925502
N: 11 22.729206 28.193548
N: 12 20.485340 25.623824
N: 13 13.233590 24.550100
N: 14 7.017012 45.088521
N: 15 98.555736 46.078437
N: 16 97.757430 30.978026
N: 17 54.290111 1.705151
N: 18 79.421379 98.778404
N: 19 4.704427 27.819195
N: 20 63.843075 68.816456
N: 21 83.636523 19.347080
N: 22 6.882408 45.083145
N: 23 46.024138 66.739052
N: 24 68.192530 16.340176
N: 25 43.843865 91.036106
N: 26 39.379170 77.468784
N: 27 64.879326 71.346576
N: 28 72.187458 48.431080
N: 29 14.447263 32.581228
N: 30 52.780502 15.115361
N: 31 69.943462 25.927892
N: 32 43.668553 71.142314
N: 33 92.640703 80.008764
N: 34 48.408424 32.340686
N: 35 95.600765 71.316012
N: 36 81.449416 58.580795
N: 37 80.174347 49.976367
N: 38 66.316649 99.598085
N: 39 79.098743 13.328284
N: 0 60.092469 14.990325
N: 1 50.163587 44.842147
N: 2 56.187846 52.707514
N: 3 57.037581 81.553882
N: 4 37.214424 50.817618
N: 5 87.802510 14.203326
N: 6 29.755740 3.442270
N: 7 50.465072 9.494137
N: 8 8.546784 71.202846
N: 9 4.614324 6.424089
N: 0 55.999505 35.925867
N: 1 79.385867 39.954898
N: 2 41.976710 98.985860
N: 3 73.461408 51.269716
N: 4 0.182985 59.644341
N: 5 85.558693 6.217949
N: 6 15.669991 79.318621
N: 7 77.273187 69.574856
N: 8 30.726687 64.122045
N: 9 38.779031 58.251640
N: 0 62.384066 46.855864
N: 1 34.669681 29.403743
N: 2 98.363411 75.096256
N: 3 15.503378 30.530614
N: 4 8.728121 95.797564
N: 5 91.885712 54.757895
N: 6 38.948380 53.874926
N: 7 98.965071 3.042777
N: 8 28.562738 16.778873
N: 9 73.105213 31.648132
N: 0 63.614044 86.660330
N: 1 44.542415 46.567577
N: 2 76.761043 45.119784
N: 3 2.903715 71.354031
N: 4 10.205860 74.718248
N: 5 47.648224 87.438928
N: 6 11.197288 21.134167
N: 7 95.277779 13.746913
N: 8 2.193324 87.179890
N: 9 18.356576 68.992500
N: 0 89.550208 62.882157
N: 1 96.081825 8.136817
N: 2 33.136161 12.504715
N: 3 74.463893 39.488669
N: 4 57.017873 4.986296
N: 5 76.738492 94.528772
N: 6 18.245849 49.843091
N: 7 12.134155 4.370224
N: 8 39.678152 99.966392
N: 9 48.377653 71.799811
N: 0 97.187905 29.436801
N: 1 97.010169 56.561377
N: 2 68.036519 22.068774
N: 3 40.529613 83.110661
N: 4 99.685286 41.512665
N: 5 21.780326 13.691472
N: 6 6.986901 62.948602
N: 7 48.125380 17.489350
N: 8 27.871986 61.848152
N: 9 95.445267 29.397365
N: 0 82.612660 92.485238
N: 1 63.752072 48.682519
N: 2 9.572109 22.016468
N: 3 54.725272 87.551973
N: 4 1.789192 63.802589
N: 5 50.447593 64.706866
N: 6 57.063742 38.979338
N: 7 8.227150 30.527181
N: 8 81.668533 51.041701
N: 9 75.730055 51.558435
N: 0 72.414779 62.897770
N: 1 19.823741 29.066818
N: 2 61.370770 4.323206
N: 3 95.151362 12.329840
N: 4 11.622367 92.995052
N: 5 22.902664 83.607055
N: 6 57.321688 60.156862
N: 7 87.509944 42.730713
N: 8 60.534544 64.019079
N: 9 38.475614 3.013771
N: 0 61.907536 92.704302
N: 1 43.550436 63.341951
N: 2 68.037288 42.854924
N: 3 26.215753 34.445792
N: 4 21.829267 21.042054
N: 5 10.460636 8.278641
N: 6 96.187400 66.073959
N: 7 37.877321 61.970987
N: 8 34.686216 87.356022
N: 9 42.604837 54.356382
N: 0 70.122191 65.183562
N: 1 50.286884 65.841700
N: 2 36.093842 18.381690
N: 3 52.477856 15.591561
N: 4 45.218493 43.462255
N: 5 70.171199 63.262884
N: 6 5.261803 54.465203
N: 7 89.013310 19.579447
N: 8 37.604147 54.948002
N: 9 66.102641 82.470373
N: 0 19.031486 61.171145
N: 1 74.497865 7.575812
N: 2 11.510047 80.674165
N: 3 7.427138 11.058582
N: 4 10.223563 45.691375
N: 5 89.358031 10.168148
N: 6 80.049526 15.523175
N: 7 58.052119 6.076721
N: 8 58.394302 1.229247
N: 9 41.776444 21.559510
N: 0 93.274430 69.140600
N: 1 7.382970 50.643036
N: 2 72.858281 25.406294
N: 3 3.629684 49.818527
N: 4 51.175699 13.071800
N: 5 93.705917 0.229380
N: 6 5.675106 19.933404
N: 7 54.327751 91.675079
N: 8 64.044906 7.061964
N: 9 36.408946 43.040465
N: 0 35.066670 75.701162
N: 1 95.021627 99.191126
N: 2 36.720606 43.215536
N: 3 50.507973 69.117375
N: 4 45.620013 66.770637
N: 5 32.812787 88.078368
N: 6 13.003932 38.437767
N: 7 1.330485 79.262765
N: 8 33.472703 11.192985
N: 9 8.299232 40.058350
N: 0 73.798852 41.728213
N: 1 47.754335 94.201185
N: 2 6.717425 59.196089
N: 3 73.492714 64.533249
N: 4 16.160210 72.811554
N: 5 13.349974 77.875723
N: 6 87.160442 90.469295
N: 7 52.344699 34.888528
N: 8 92.024383 99.507288
N: 9 47.643706 79.030459
N: 0 31.151398 85.847151
N: 1 70.091601 81.875754
N: 2 38.949269 53.220780
N: 3 36.240124 52.950763
N: 4 83.823288 39.539782
N: 5 55.421488 66.279794
N: 6 15.063130 37.593928
N: 7 92.442549 29.108732
N: 8 8.548392 58.137680
N: 9 31.799463 78.089336
N: 0 94.404302 70.049056
N: 1 34.732395 51.906607
N: 2 10.689467 66.325853
N: 3 77.051099 86.078983
N: 4 39.265560 87.060277
N: 5 59.389637 44.158868
N: 6 91.088626 73.362692
N: 7 53.493349 8.727417
N: 8 89.191969 93.461554
N: 9 29.170436 10.308004
N: 0 91.157139 57.872093
N: 1 95.895306 52.217052
N: 2 0.164994 25.595551
N: 3 95.549930 78.026774
N: 4 58.584235 96.246867
N: 5 17.550600 53.835935
N: 6 29.442808 41.701153
N: 7 96.408666 85.215046
N: 8 94.789400 89.498645
N: 9 51.655280 1.817381
N: 0 39.848363 86.436178
N: 1 45.728095 54.477285
N: 2 23.220713 37.391598
N: 3 32.276710 33.632990
N: 4 53.222173 21.359387
N: 5 0.578765 80.848344
N: 6 60.023916 40.655517
N: 7 29.993935 52.101188
N: 8 92.886842 60.299610
N: 9 7.096633 1.172999
N: 0 85.133241 91.675119
N: 1 62.445033 68.606178
N: 2 13.799187 75.896680
N: 3 43.686973 94.064153
N: 4 82.132701 75.108755
N: 5 92.500534 54.554958
N: 6 15.470226 52.810331
N: 7 2.898921 48.546807
N: 8 20.505685 5.569147
N: 9 46.380805 37.264932
N: 0 44.053394 82.538844
N: 1 67.426213 47.010548
N: 2 65.021185 89.352426
N: 3 87.782712 82.750672
N: 4 88.198184 61.769119
N: 5 50.352271 49.157243
N: 6 37.537334 16.746716
N: 7 65.630280 14.633450
N: 8 26.532763 65.580647
N: 9 48.981869 53.997236
N: 0 52.440273 53.122006
N: 1 59.957376 8.229259
N: 2 19.992631 78.451842
N: 3 76.136135 69.011160
N: 4 73.088804 45.726442
N: 5 31.802643 59.656351
N: 6 55.951450 97.627309
N: 7 80.041489 16.820591
N: 8 2.381860 57.661508
N: 9 4.342446 72.470206
N: 0 78.414927 57.385897
N: 1 16.847905 3.779447
N: 2 47.503936 82.110014
N: 3 10.132532 57.874634
N: 4 2.148387 63.574377
N: 5 93.815732 52.305001
N: 6 27.393326 69.581282
N: 7 58.305533 32.232861
N: 8 99.126358 46.200592
N: 9 98.314299 47.469716
N: 0 73.763048 89.557339
N: 1 82.405142 25.229203
N: 2 58.918017 68.968366
N: 3 3.555512 11.850046
N: 4 35.890480 83.115174
N: 5 8.095014 16.345563
N: 6 70.983079 46.983662
N: 7 84.935785 12.202066
N: 8 6.477102 76.601855
N: 9 66.632449 39.319554
N: 0 28.362305 40.910662
N: 1 31.471788 31.241817
N: 2 46.819260 43.504156
N: 3 19.579605 23.542714
N: 4 80.121878 68.600980
N: 5 73.724081 27.711323
N: 6 65.040739 8.951870
N: 7 62.474394 11.056418
N: 8 2.121498 78.003422
N: 9 53.692079 29.037433
N: 0 45.492071 84.121648
N: 1 85.511482 81.842523
N: 2 41.057106 20.292137
N: 3 69.165543 99.572087
N: 4 42.467679 41.106033
N: 5 83.311090 77.390485
N: 6 87.800880 73.256981
N: 7 62.216603 62.092104
N: 8 62.109649 98.526479
N: 9 48.954488 5.003354
N: 0 81.196383 53.125292
N: 1 31.632158 0.342942
N: 2 48.972914 50.182645
N: 3 90.930453 39.124245
N: 4 62.895778 2.730793
N: 5 35.877986 64.220052
N: 6 39.128910 19.613792
N: 7 16.795460 53.117472
N: 8 13.570394 33.796672
N: 9 15.301283 38.519705
N: 0 8.752622 64.912222
N: 1 50.348072 4.752933
N: 2 68.631632 93.421359
N: 3 89.372572 62.473496
N: 4 0.340492 28.677699
N: 5 63.481501 9.292339
N: 6 84.386442 51.317131
N: 7 51.237572 8.548680
N: 8 89.411226 36.853768
N: 9 4.929158 87.828641
N: 0 73.607190 99.500907
N: 1 14.046185 31.010226
N: 2 64.150583 11.528820
N: 3 60.956098 81.846294
N: 4 74.303966 10.841059
N: 5 72.928998 58.859736
N: 6 40.686015 43.730672
N: 7 79.926822 99.162247
N: 8 69.510047 35.275801
N: 9 66.600565 42.614217
N: 0 99.836786 16.159360
N: 1 45.433816 80.926503
N: 2 24.360658 89.805039
N: 3 87.916583 86.163528
N: 4 93.550868 42.744953
N: 5 66.027195 15.665367
N: 6 20.652615 14.816500
N: 7 35.013602 22.146087
N: 8 8.117333 60.312777
N: 9 24.872573 24.712703
N: 0 10.631258 36.641437
N: 1 84.065477 56.424112
N: 2 98.892474 46.006587
N: 3 79.626567 40.497620
N: 4 67.257293 16.664972
N: 5 21.418616 91.767655
N: 6 54.798959 87.223414
N: 7 33.082593 8.643944
N: 8 21.310176 60.778817
N: 9 87.449238 28.011436
N: 0 8.432501 7.498724
N: 1 70.688045 84.667950
N: 2 38.461158 37.258329
N: 3 79.979665 31.999446
N: 4 34.321121 97.218283
N: 5 38.417919 22.794978
N: 6 44.006818 18.137018
N: 7 63.392293 15.207371
N: 8 39.536869 70.713525
N: 9 75.623374 71.235721
N: 0 44.267818 2.305386
N: 1 22.605078 36.647131
N: 2 74.889626 3.533644
N: 3 54.354088 10.855161
N: 4 13.382776 51.678128
N: 5 23.605204 33.157650
N: 6 76.385005 15.403132
N: 7 40.835436 99.534338
N: 8 32.698828 22.644983
N: 9 35.257555 49.161613
N: 0 21.199628 46.591049
N: 1 24.843977 75.605884
N: 2 48.512243 91.187934
N: 3 55.175194 88.162318
N: 4 34.524592 41.832835
N: 5 67.732001 65.035527
N: 6 98.811850 72.801733
N: 7 84.299908 40.939972
N: 8 61.539897 66.135676
N: 9 15.613319 75.480544
N: 0 71.321554 88.506142
N: 1 75.586582 22.281158
N: 2 1.340274 80.382484
N: 3 67.248098 61.280782
N: 4 74.282918 50.192548
N: 5 82.197348 4.397624
N: 6 43.888828 16.745550
N: 7 51.864056 21.813385
N: 8 92.908223 83.130984
N: 9 73.955108 69.690967
N: 0 89.995590 92.396938
N: 1 91.243857 4.482760
N: 2 56.598615 43.398110
N: 3 82.055909 71.567501
N: 4 81.612633 97.414530
N: 5 17.562242 11.364811
N: 6 98.156563 94.652202
N: 7 58.272164 82.398689
N: 8 37.828758 75.873743
N: 9 29.349912 15.429628
N: 0 22.152871 63.129956
N: 1 91.618657 33.219288
N: 2 10.767533 56.993689
N: 3 93.632502 59.319669
N: 4 78.235534 23.660843
N: 5 76.104418 80.593508
N: 6 60.567409 38.756748
N: 7 28.180358 4.289159
N: 8 99.934434 54.882607
N: 9 72.881884 42.524385
N: 0 81.415973 95.790220
N: 1 89.020629 41.922307
N: 2 87.616460 75.641206
N: 3 67.667059 20.482781
N: 4 70.876806 74.877908
N: 5 78.455613 43.783068
N: 6 2.388099 13.409004
N: 7 30.551912 93.823211
N: 8 51.075994 5.775515
N: 9 28.016351 13.702160
N: 0 78.133400 95.980599
N: 1 91.238402 31.265042
N: 2 49.977684 57.693090
N: 3 6.681913 59.728808
N: 4 15.847682 77.575296
N: 5 90.956765 84.332608
N: 6 39.997829 71.362804
N: 7 10.925344 20.984471
N: 8 90.538306 67.957397
N: 9 7.935944 76.209665
N: 0 72.784752 26.575372
N: 1 19.446559 27.813435
N: 2 17.568913 75.151103
N: 3 58.615661 95.759977
N: 4 24.483236 68.820792
N: 5 25.785052 54.019617
N: 6 57.413806 1.744944
N: 7 61.099239 96.538831
N: 8 80.267609 96.034664
N: 9 79.808705 82.665100
N: 0 6.846648 22.321187
N: 1 22.792944 56.207709
N: 2 27.043433 5.358617
N: 3 55.522296 7.869835
N: 4 87.830433 47.156931
N: 5 22.490186 67.788978
N: 6 21.941311 30.582420
N: 7 56.170708 8.035418
N: 8 10.039767 33.073138
N: 9 92.664016 62.419837
N: 0 32.328646 69.623591
N: 1 17.766689 50.759868
N: 2 75.150037 99.073771
N: 3 90.340756 90.203146
N: 4 91.420019 49.897138
N: 5 72.621987 37.842880
N: 6 11.015865 34.640998
N: 7 22.374357 56.200868
N: 8 57.071523 74.926020
N: 9 69.199523 24.421500
N: 0 2.975144 10.999361
N: 1 13.228346 77.890107
N: 2 89.370069 53.972269
N: 3 44.897654 23.139274
N: 4 67.193598 41.600135
N: 5 54.429054 64.067324
N: 6 68.378522 97.151784
N: 7 16.191761 43.484315
N: 8 32.580001 27.687255
N: 9 43.592682 83.453267
N: 0 26.874658 45.858619
N: 1 88.099855 90.489028
N: 2 26.735647 0.904998
N: 3 58.621758 36.301168
N: 4 37.406337 39.015904
N: 5 64.741396 67.872688
N: 6 79.334221 56.362336
N: 7 56.633299 65.841980
N: 8 54.571855 45.400672
N: 9 39.649685 30.516555
N: 0 92.673740 65.457165
N: 1 33.019966 50.031978
N: 2 84.488320 66.317021
N: 3 94.807250 73.485927
N: 4 42.597107 91.310217
N: 5 1.303397 40.796462
N: 6 10.154890 94.243095
N: 7 53.259744 70.730948
N: 8 74.028082 36.842272
N: 9 42.423503 18.986537
N: 0 97.272262 96.129944
N: 1 37.729558 80.184193
N: 2 59.854457 79.524493
N: 3 90.057479 32.164993
N: 4 81.447896 58.286498
N: 5 89.493979 13.533056
N: 6 85.336568 72.174794
N: 7 0.113079 58.373626
N: 8 45.707022 79.889419
N: 9 86.165634 33.824510
N: 0 42.377572 71.459005
N: 1 41.927109 90.080931
N: 2 67.839962 18.534926
N: 3 99.599022 14.151425
N: 4 95.492073 74.294336
N: 5 57.449129 9.229846
N: 6 26.000308 19.563537
N: 7 24.784035 11.401365
N: 8 83.680601 60.410909
N: 9 21.142140 58.356105
N: 0 24.640098 94.519091
N: 1 15.523148 24.642480
N: 2 98.528453 93.009182
N: 3 36.848911 19.120501
N: 4 94.997236 19.623964
N: 5 25.458876 46.649459
N: 6 43.489595 3.949224
N: 7 92.092528 19.530594
N: 8 8.891941 19.775191
N: 9 78.757122 74.251808
N: 0 95.172953 67.549604
N: 1 51.938641 56.656907
N: 2 5.938926 43.747264
N: 3 61.573607 73.725528
N: 4 11.508458 82.956498
N: 5 54.501702 0.513781
N: 6 65.459474 79.800534
N: 7 26.598870 4.897177
N: 8 3.841284 15.404255
N: 9 50.314837 29.650927
N: 0 66.872264 15.368166
N: 1 98.489898 22.345495
N: 2 22.038558 26.220827
N: 3 16.295867 40.729006
N: 4 28.181583 43.836904
N: 5 39.984022 54.472851
N: 6 37.468214 75.729680
N: 7 5.373097 63.531356
N: 8 61.723572 44.284580
N: 9 18.227977 2.263568
N: 0 13.080982 51.049974
N: 1 35.448529 44.892870
N: 2 81.998531 54.590423
N: 3 29.988641 64.753070
N: 4 94.380288 57.352357
N: 5 23.375819 55.033066
N: 6 28.837923 40.221325
N: 7 19.657022 68.558703
N: 8 34.618019 48.166666
N: 9 47.453816 59.899997
N: 0 10.906324 76.717282
N: 1 25.223470 60.158544
N: 2 92.148485 5.523805
N: 3 85.626689 38.190888
N: 4 22.025651 37.404163
N: 5 5.574908 58.921866
N: 6 88.769884 90.617511
N: 7 40.239823 53.802050
N: 8 80.386618 16.442665
N: 9 76.196024 13.821723
N: 0 84.347501 11.794473
N: 1 55.169728 59.357375
N: 2 98.622967 25.303515
N: 3 48.351294 69.666923
N: 4 23.536686 40.866286
N: 5 40.394059 26.173132
N: 6 73.389791 71.821903
N: 7 68.861140 94.162763
N: 8 34.975355 64.618230
N: 9 66.322523 11.227820
N: 0 66.895279 91.707242
N: 1 57.652911 85.144648
N: 2 2.280470 7.267287
N: 3 28.956413 79.292822
N: 4 79.156428 60.019749
N: 5 23.071869 58.854300
N: 6 97.315416 96.853374
N: 7 16.996644 94.688557
N: 8 66.390194 85.027159
N: 9 96.382047 99.298890
N: 0 3.222378 72.615802
N: 1 68.339883 64.762828
N: 2 29.069736 18.777276
N: 3 89.809532 57.773690
N: 4 96.082956 30.245448
N: 5 83.803568 20.899435
N: 6 43.579255 26.672846
N: 7 62.265097 51.799065
N: 8 25.662254 31.420510
N: 9 34.146810 75.482290
N: 0 92.239148 9.175742
N: 1 34.597173 56.046720
N: 2 20.467172 86.030636
N: 3 33.722004 64.666641
N: 4 37.931681 13.990908
N: 5 43.814682 52.441774
N: 6 32.141028 91.205564
N: 7 4.036215 89.289021
N: 8 57.384301 1.854542
N: 9 64.531865 90.761334
N: 0 45.341273 95.383133
N: 1 68.173181 80.357664
N: 2 97.739140 51.037166
N: 3 91.605598 96.860887
N: 4 71.852084 33.489378
N: 5 83.258424 72.413907
N: 6 85.927092 10.958763
N: 7 41.967454 1.041064
N: 8 33.351019 45.195875
N: 9 41.380174 62.589369
N: 0 21.896531 67.732222
N: 1 89.862930 62.817656
N: 2 84.939322 23.199418
N: 3 65.749167 26.107443
N: 4 84.954366 8.707720
N: 5 0.956944 47.288956
N: 6 45.215262 54.987996
N: 7 98.337442 49.949051
N: 8 20.146757 30.206199
N: 9 79.070478 43.027633
N: 0 2.942698 77.607461
N: 1 67.549962 23.134302
N: 2 90.455795 96.062372
N: 3 77.047000 71.303883
N: 4 46.813049 38.759731
N: 5 86.350915 80.403634
N: 6 46.328310 26.152024
N: 7 16.473502 64.365495
N: 8 95.118652 41.220717
N: 9 41.249489 45.262653
N: 0 68.965304 56.905203
N: 1 94.439248 6.466524
N: 2 51.007133 45.946232
N: 3 15.425854 19.494661
N: 4 88.354221 26.704807
N: 5 62.578188 20.277890
N: 6 82.820377 10.178997
N: 7 47.125877 55.078335
N: 8 12.705245 10.000420
N: 9 66.067435 98.096025
N: 0 85.356563 99.669107
N: 1 61.551941 35.541445
N: 2 41.517515 65.262992
N: 3 14.060965 37.277309
N: 4 45.107618 0.672897
N: 5 4.245863 6.291885
N: 6 32.498623 0.002117
N: 7 7.786959 40.436794
N: 8 85.383140 95.817455
N: 9 41.969667 8.446633
N: 0 8.939479 98.427951
N: 1 67.453593 9.332021
N: 2 49.577720 97.500991
N: 3 34.145668 57.101200
N: 4 95.287138 8.273386
N: 5 20.644765 39.307027
N: 6 20.598925 92.938664
N: 7 58.679614 19.154370
N: 8 83.108328 22.160610
N: 9 86.654303 32.995254
N: 0 63.807732 55.083225
N: 1 66.303554 78.759698
N: 2 27.434082 4.906305
N: 3 80.365660 38.886534
N: 4 76.136455 55.857537
N: 5 26.142877 15.012751
N: 6 78.499121 29.942827
N: 7 89.283707 37.811567
N: 8 63.658571 88.825683
N: 9 34.802169 15.334888
N: 0 0.503028 29.166723
N: 1 76.424030 9.089316
N: 2 39.219961 10.274870
N: 3 68.908548 77.161017
N: 4 45.910285 84.912646
N: 5 94.491685 84.394897
N: 6 57.265496 9.707964
N: 7 47.625547 21.711765
N: 8 12.062824 50.151086
N: 9 98.440163 23.104574
