0 I 0.000000 100000000.000000
1 I 0.000000 100000000000000.000000
2 I 0.000000 100000000000000.000000
3 I 0.000000 100000000000000.000000
4 I 0.000000 100000000000000.000000
5 I 0.000000 100000000000000.000000
6 I 0.000000 100000000000000.000000
7 I 0.000000 100000000000000.000000
8 I 0.000000 100000000000000.000000
9 I 0.000000 100000000000000.000000
10 I 0.000000 100000000000000.000000
11 I 0.000000 100000000000000.000000
12 I 0.000000 100000000000000.000000
13 I 0.000000 100000000000000.000000
14 I 0.000000 100000000000000.000000
15 I 0.000000 100000000000000.000000
16 I 0.000000 100000000000000.000000
17 I 0.000000 100000000000000.000000
18 I 0.000000 100000000000000.000000
19 I 0.000000 100000000000000.000000
20 I 0.000000 100000000000000.000000
21 I 0.000000 100000000000000.000000
22 I 0.000000 100000000000000.000000
23 I 0.000000 100000000000000.000000
24 I 0.000000 100000000000000.000000
25 I 0.000000 100000000000000.000000
26 I 0.000000 100000000000000.000000
27 I 0.000000 100000000000000.000000
28 I 0.000000 100000000000000.000000
29 I 0.000000 100000000000000.000000
30 I 0.000000 100000000000000.000000
31 I 0.000000 100000000000000.000000
32 I 0.000000 100000000000000.000000
33 I 0.000000 100000000000000.000000
34 I 0.000000 100000000000000.000000
35 I 0.000000 100000000000000.000000
36 I 0.000000 100000000000000.000000
37 I 0.000000 100000000000000.000000
38 I 0.000000 100000000000000.000000
39 I 0.000000 100000000000000.000000
40 I 0.000000 100000000000000.000000
41 I 0.000000 100000000000000.000000
42 I 0.000000 100000000000000.000000
43 I 0.000000 100000000000000.000000
44 I 0.000000 100000000000000.000000
45 I 0.000000 100000000000000.000000
46 I 0.000000 100000000000000.000000
47 I 0.000000 100000000000000.000000
48 I 0.000000 100000000000000.000000
49 I 0.000000 100000000000000.000000
50 I 0.000000 100000000000000.000000
51 I 0.000000 100000000000000.000000
52 I 0.000000 100000000000000.000000
53 I 0.000000 100000000000000.000000
54 I 0.000000 100000000000000.000000
55 I 0.000000 100000000000000.000000
56 I 0.000000 100000000000000.000000
57 I 0.000000 100000000000000.000000
58 I 0.000000 100000000000000.000000
59 I 0.000000 100000000000000.000000
60 I 0.000000 100000000000000.000000
61 I 0.000000 100000000000000.000000
62 I 0.000000 100000000000000.000000
63 I 0.000000 100000000000000.000000
64 I 0.000000 100000000000000.000000
65 I 0.000000 100000000000000.000000
66 I 0.000000 100000000000000.000000
67 I 0.000000 100000000000000.000000
68 I 0.000000 100000000000000.000000
69 I 0.000000 100000000000000.000000
70 I 0.000000 100000000000000.000000
71 I 0.000000 100000000000000.000000
72 I 0.000000 100000000000000.000000
73 I 0.000000 100000000000000.000000
74 I 0.000000 100000000000000.000000
75 I 0.000000 100000000000000.000000
76 I 0.000000 100000000000000.000000
77 I 0.000000 100000000000000.000000
78 I 0.000000 100000000000000.000000
79 I 0.000000 100000000000000.000000
80 I 0.000000 100000000000000.000000
81 I 0.000000 100000000000000.000000
82 I 0.000000 100000000000000.000000
83 I 0.000000 100000000000000.000000
84 I 0.000000 100000000000000.000000
85 I 0.000000 100000000000000.000000
86 I 0.000000 100000000000000.000000
87 I 0.000000 100000000000000.000000
88 I 0.000000 100000000000000.000000
89 I 0.000000 100000000000000.000000
90 I 0.000000 100000000000000.000000
91 I 0.000000 100000000000000.000000
92 I 0.000000 100000000000000.000000
93 I 0.000000 100000000000000.000000
94 I 0.000000 100000000000000.000000
95 I 0.000000 100000000000000.000000
96 I 0.000000 100000000000000.000000
97 I 0.000000 100000000000000.000000
98 I 0.000000 100000000000000.000000
99 I 0.000000 100000000000000.000000
