N: 0 2.608984 91.427724
N: 1 10.401498 10.106954
N: 2 52.955570 11.824463
N: 3 38.186624 92.322006
N: 4 15.344599 12.656940
N: 5 67.617813 10.781670
N: 6 34.312931 27.396872
N: 7 37.004035 67.962835
N: 8 83.722619 40.810100
N: 9 59.187907 4.900480
N: 0 18.140180 97.559263
N: 1 43.134000 70.256547
N: 2 40.827337 65.212734
N: 3 9.175036 81.657693
N: 4 74.226882 93.552404
N: 5 98.054021 90.150394
N: 6 85.295887 39.850780
N: 7 28.831670 27.053716
N: 8 28.747571 54.476641
N: 9 11.648010 79.038805
N: 0 73.171696 53.633044
N: 1 53.503966 13.192842
N: 2 70.497429 80.321639
N: 3 44.270424 6.573329
N: 4 31.993753 48.482528
N: 5 3.950102 14.948680
N: 6 83.425706 48.389628
N: 7 58.118101 39.256327
N: 8 73.331863 99.173737
N: 9 59.444474 34.463342
N: 0 25.089332 50.251765
N: 1 65.038462 61.121794
N: 2 77.468834 96.155651
N: 3 29.457315 50.897624
N: 4 46.037017 27.199821
N: 5 24.429511 65.964110
N: 6 72.913040 7.789153
N: 7 21.381640 90.269686
N: 8 27.766177 66.702946
N: 9 92.874496 78.823752
N: 0 98.577003 81.441285
N: 1 32.612685 90.357042
N: 2 65.235550 89.195758
N: 3 81.590763 36.079444
N: 4 6.856690 0.656126
N: 5 96.756187 25.232068
N: 6 70.697332 81.765775
N: 7 51.702097 74.957260
N: 8 21.406288 26.162591
N: 9 0.599971 95.354749
N: 0 21.454988 36.568806
N: 1 17.357163 20.171023
N: 2 41.550315 95.720976
N: 3 30.205982 33.771574
N: 4 83.966436 9.919896
N: 5 23.284265 18.978221
N: 6 86.225374 60.568005
N: 7 85.697109 11.418628
N: 8 75.179865 26.087936
N: 9 91.177682 53.380933
N: 0 84.190009 81.574565
N: 1 16.088691 64.786490
N: 2 4.251415 89.998720
N: 3 2.372559 23.136408
N: 4 74.523645 29.549624
N: 5 79.069330 18.762009
N: 6 87.189907 69.506776
N: 7 90.424916 61.224447
N: 8 21.152688 5.052126
N: 9 8.938422 55.479081
N: 0 61.884496 30.682671
N: 1 99.140073 4.273733
N: 2 1.281623 36.225881
N: 3 95.588075 76.604209
N: 4 53.628789 86.310599
N: 5 25.783841 25.324242
N: 6 93.236314 94.972807
N: 7 33.743471 10.540588
N: 8 84.043476 70.646537
N: 9 57.211646 96.658821
N: 0 28.144522 92.840526
N: 1 5.902745 14.225211
N: 2 5.504522 27.594693
N: 3 52.031357 26.452042
N: 4 33.228944 89.912002
N: 5 4.951738 56.333826
N: 6 55.376920 56.189003
N: 7 36.161482 67.384181
N: 8 1.076029 85.403629
N: 9 66.620674 22.664003
N: 0 80.285819 26.233273
N: 1 66.811611 59.840674
N: 2 66.616171 39.105197
N: 3 41.856012 91.561278
N: 4 87.658947 90.881997
N: 5 79.958447 91.950715
N: 6 5.407742 40.300657
N: 7 96.616671 29.216321
N: 8 11.107479 63.603974
N: 9 6.419673 43.606823
N: 0 20.652558 73.188899
N: 1 29.087242 23.006444
N: 2 77.535300 4.618106
N: 3 58.593312 57.691211
N: 4 33.502831 45.286931
N: 5 45.136497 55.199011
N: 6 46.326583 93.589511
N: 7 88.959995 13.382364
N: 8 32.084395 50.879880
N: 9 78.942899 92.004942
N: 0 8.141810 64.276120
N: 1 56.961266 14.653419
N: 2 97.117649 25.331978
N: 3 23.441277 78.996561
N: 4 58.458567 17.235782
N: 5 8.281132 69.318095
N: 6 96.964706 10.059321
N: 7 18.343901 56.493219
N: 8 21.841615 14.723223
N: 9 92.733363 86.198472
N: 0 20.987697 46.123049
N: 1 13.453306 24.216915
N: 2 20.219046 35.250591
N: 3 97.022079 88.185023
N: 4 60.196875 13.534399
N: 5 40.795510 55.065271
N: 6 57.482272 25.735378
N: 7 2.634844 45.040404
N: 8 6.080489 37.872739
N: 9 29.601389 92.990669
N: 0 7.426760 57.322971
N: 1 63.443799 72.729349
N: 2 68.276569 3.428986
N: 3 32.832327 94.626127
N: 4 42.882356 80.813849
N: 5 12.174120 54.256491
N: 6 10.816415 90.112909
N: 7 93.243806 29.022297
N: 8 66.941086 41.939374
N: 9 11.382128 17.306609
N: 0 58.688167 86.040783
N: 1 37.835478 34.005098
N: 2 3.938278 32.332645
N: 3 87.733715 96.435215
N: 4 53.769290 30.001698
N: 5 92.621753 73.311850
N: 6 95.203572 48.241715
N: 7 51.088719 48.237974
N: 8 88.885344 42.686837
N: 9 33.604893 91.764028
N: 0 26.039652 0.944763
N: 1 54.469782 77.140787
N: 2 92.590089 6.070628
N: 3 12.559453 88.581984
N: 4 10.397465 80.677980
N: 5 10.724421 57.252336
N: 6 98.466107 99.557013
N: 7 91.393170 57.089482
N: 8 51.927779 64.854660
N: 9 10.785375 84.698698
N: 0 37.891375 73.665783
N: 1 36.583137 2.616984
N: 2 6.257189 95.502378
N: 3 47.190549 29.342103
N: 4 35.122557 9.529794
N: 5 67.138033 43.457578
N: 6 90.162580 3.764811
N: 7 81.168895 45.286371
N: 8 59.556207 53.573215
N: 9 14.093416 10.738646
N: 0 9.540068 97.794178
N: 1 62.001994 76.013317
N: 2 4.848131 20.847427
N: 3 17.420614 86.775708
N: 4 55.786911 76.797461
N: 5 56.888512 7.286165
N: 6 31.631473 39.330187
N: 7 24.171699 26.513009
N: 8 88.082919 67.326358
N: 9 98.156930 21.350099
N: 0 13.819279 97.656486
N: 1 21.912397 62.413248
N: 2 45.424236 82.012450
N: 3 3.055271 79.140923
N: 4 65.844678 89.403535
N: 5 98.264907 13.266309
N: 6 24.141800 80.867048
N: 7 72.909129 49.759610
N: 8 11.007978 59.274709
N: 9 36.014911 89.474645
N: 0 52.036185 51.734024
N: 1 36.079955 5.875434
N: 2 96.727816 11.852830
N: 3 0.241003 77.883432
N: 4 20.496615 56.495642
N: 5 58.094499 88.379539
N: 6 11.828420 28.457533
N: 7 41.125044 36.513387
N: 8 29.469874 67.437687
N: 9 49.297366 78.502859
N: 0 82.474619 64.558938
N: 1 12.048513 4.619733
N: 2 18.896011 73.875169
N: 3 96.731393 76.429152
N: 4 28.418754 13.061939
N: 5 65.448730 75.790639
N: 6 5.685892 16.736183
N: 7 98.396298 4.187560
N: 8 78.289319 69.924103
N: 9 17.038553 78.673290
N: 0 20.216492 60.400781
N: 1 85.512847 85.314315
N: 2 43.571042 11.637687
N: 3 43.370552 21.581363
N: 4 48.354013 35.370096
N: 5 84.109284 36.182902
N: 6 0.377997 7.009311
N: 7 78.777181 61.870944
N: 8 42.027887 64.906312
N: 9 68.132856 83.160311
N: 0 20.941488 62.653180
N: 1 33.564065 8.569644
N: 2 40.206642 95.364521
N: 3 9.090946 45.030952
N: 4 87.283814 40.936925
N: 5 79.094340 61.879235
N: 6 42.836770 82.034064
N: 7 37.267906 87.084245
N: 8 92.817650 48.309282
N: 9 95.167533 43.582677
N: 0 90.856261 65.016190
N: 1 56.733317 28.778563
N: 2 84.590526 4.320732
N: 3 25.635265 29.204369
N: 4 78.764772 51.722819
N: 5 45.154052 97.181906
N: 6 44.526500 81.481073
N: 7 77.906996 98.434612
N: 8 47.237276 84.487226
N: 9 82.688282 70.852480
N: 0 17.360244 10.556823
N: 1 61.733629 74.662008
N: 2 11.850226 2.243207
N: 3 61.045667 65.946682
N: 4 41.629433 65.917235
N: 5 59.995216 34.330848
N: 6 53.753667 57.346240
N: 7 87.164727 79.948754
N: 8 96.315512 50.752548
N: 9 35.319147 80.505239
N: 0 25.255274 56.587757
N: 1 15.277233 5.591022
N: 2 88.537950 23.508485
N: 3 57.062462 83.438666
N: 4 59.241059 83.347593
N: 5 7.206441 56.980319
N: 6 34.676212 98.293874
N: 7 91.505952 83.420112
N: 8 48.793050 35.026918
N: 9 37.079021 85.530305
N: 0 8.859200 43.703922
N: 1 37.173082 31.762433
N: 2 28.701948 68.189278
N: 3 4.956322 43.353939
N: 4 60.600255 89.171730
N: 5 35.208942 86.656157
N: 6 46.315698 16.120053
N: 7 72.011714 30.403845
N: 8 3.777407 99.376816
N: 9 85.942451 3.871664
N: 0 28.282709 11.423935
N: 1 2.524461 73.589304
N: 2 71.891247 24.926717
N: 3 77.057419 88.535944
N: 4 10.865233 31.777942
N: 5 89.921824 5.418125
N: 6 19.913529 92.454762
N: 7 30.474874 46.178895
N: 8 3.936057 48.629358
N: 9 74.810358 92.935920
N: 0 71.930659 64.101680
N: 1 77.902189 62.303283
N: 2 63.530040 92.484899
N: 3 85.401669 26.408389
N: 4 50.055889 25.992827
N: 5 31.335534 70.303394
N: 6 84.470081 96.602487
N: 7 82.446026 8.134214
N: 8 73.680074 96.410577
N: 9 20.286818 24.981724
N: 0 91.494855 11.761351
N: 1 38.360905 94.592759
N: 2 28.433259 31.267669
N: 3 53.424080 21.675085
N: 4 3.784334 81.569666
N: 5 2.108619 66.431836
N: 6 20.701507 66.898187
N: 7 61.991354 51.357886
N: 8 15.458387 24.684830
N: 9 36.222598 93.191664
N: 0 20.788344 79.492110
N: 1 76.870052 71.590315
N: 2 57.897435 17.431920
N: 3 69.588058 6.937465
N: 4 4.089593 25.685473
N: 5 82.925652 95.677300
N: 6 15.645745 33.997729
N: 7 79.641468 18.402730
N: 8 97.545469 22.358253
N: 9 71.637977 12.566133
N: 0 48.001417 78.078458
N: 1 26.807339 49.618927
N: 2 61.049221 11.807207
N: 3 31.156376 67.527539
N: 4 81.691860 18.215982
N: 5 39.015258 70.279652
N: 6 27.127264 83.125579
N: 7 43.521094 25.783620
N: 8 55.564201 22.246638
N: 9 87.082222 50.208159
N: 0 95.487326 22.712912
N: 1 24.632036 7.766066
N: 2 97.598489 70.273185
N: 3 83.545026 6.218918
N: 4 40.616190 27.118173
N: 5 82.659488 10.090744
N: 6 26.065334 50.666771
N: 7 31.950793 14.250529
N: 8 11.030652 4.882169
N: 9 3.800148 4.251309
N: 0 94.991586 78.135154
N: 1 10.645114 22.724082
N: 2 99.910719 41.998958
N: 3 98.670007 53.152613
N: 4 34.193000 22.547181
N: 5 60.718888 75.676439
N: 6 85.631160 69.136748
N: 7 91.086944 38.284190
N: 8 94.031340 84.784602
N: 9 36.966324 28.559441
N: 0 58.410326 90.681029
N: 1 27.923031 4.332583
N: 2 78.629069 36.111295
N: 3 38.083790 32.490138
N: 4 12.398458 45.640241
N: 5 6.219669 72.121107
N: 6 96.466776 75.679888
N: 7 85.541359 54.873638
N: 8 60.727251 73.089222
N: 9 48.770124 29.554522
N: 0 18.262009 48.968867
N: 1 57.266015 14.298983
N: 2 38.564840 90.963059
N: 3 21.269556 26.146891
N: 4 17.678753 94.936390
N: 5 48.874815 28.198505
N: 6 82.169308 61.163522
N: 7 33.520607 97.258514
N: 8 3.223377 2.099797
N: 9 44.144984 12.009038
N: 0 48.936656 79.021271
N: 1 95.718492 35.679147
N: 2 30.749260 73.531038
N: 3 84.035331 28.521494
N: 4 63.170749 59.759793
N: 5 64.234560 46.000206
N: 6 91.752413 56.713885
N: 7 82.980666 43.460529
N: 8 8.798128 42.761176
N: 9 98.306729 85.844151
N: 0 68.904936 22.830490
N: 1 98.797649 4.607801
N: 2 80.038635 68.243781
N: 3 70.524052 12.486406
N: 4 96.311325 45.897978
N: 5 35.527684 36.197700
N: 6 95.101252 22.610833
N: 7 76.396720 44.338282
N: 8 41.349277 57.771410
N: 9 13.132521 62.940156
N: 0 64.686792 61.380446
N: 1 86.246137 71.759623
N: 2 71.078935 8.740893
N: 3 64.825604 19.688079
N: 4 3.511059 98.497823
N: 5 41.859975 4.513777
N: 6 13.279982 37.851476
N: 7 60.144792 97.828493
N: 8 18.282968 66.078910
N: 9 31.068517 66.146837
N: 0 42.279461 90.707986
N: 1 62.954571 12.560173
N: 2 33.384384 90.580407
N: 3 85.206369 76.064618
N: 4 95.744887 10.280459
N: 5 91.177809 53.902566
N: 6 14.529970 72.447883
N: 7 60.211002 49.800364
N: 8 40.353898 92.397279
N: 9 31.891712 85.750199
N: 0 4.748517 38.439387
N: 1 26.316546 60.718126
N: 2 30.116277 51.847671
N: 3 50.542119 30.101995
N: 4 84.385764 28.339169
N: 5 71.775616 47.232126
N: 6 29.075652 58.153200
N: 7 92.697590 63.789106
N: 8 12.913177 91.766703
N: 9 40.525297 66.524530
N: 0 97.279618 39.264721
N: 1 12.648310 95.736476
N: 2 46.948091 87.121702
N: 3 19.077180 89.759866
N: 4 81.057006 20.577041
N: 5 43.964597 57.325883
N: 6 41.350754 85.891110
N: 7 88.748410 57.052203
N: 8 70.071938 25.825849
N: 9 10.582294 64.496710
N: 0 24.678890 92.026987
N: 1 51.859038 55.959524
N: 2 34.523160 26.851228
N: 3 7.890932 85.759122
N: 4 58.783297 90.433469
N: 5 62.325166 11.129509
N: 6 18.200936 57.760751
N: 7 38.099722 65.599199
N: 8 53.644150 3.397789
N: 9 73.335495 35.794195
N: 0 36.646041 61.396892
N: 1 62.198507 65.250977
N: 2 58.212978 93.287348
N: 3 85.301115 85.196212
N: 4 54.391025 18.137301
N: 5 19.487386 11.009116
N: 6 99.376452 15.827121
N: 7 24.862784 37.673758
N: 8 44.795788 74.624298
N: 9 57.682137 30.543363
N: 0 82.577890 54.001013
N: 1 96.860173 25.613273
N: 2 69.328400 20.563540
N: 3 61.087024 3.915543
N: 4 83.061007 27.022288
N: 5 4.226779 82.420473
N: 6 80.223687 2.551419
N: 7 62.497848 96.694377
N: 8 9.281082 31.550539
N: 9 19.320321 59.761200
N: 0 63.888444 64.688671
N: 1 7.158692 28.180921
N: 2 70.696243 81.055576
N: 3 74.069915 30.914062
N: 4 40.430910 42.963534
N: 5 26.698787 0.525203
N: 6 30.423221 75.070477
N: 7 58.915994 69.039243
N: 8 84.014135 38.448310
N: 9 23.685784 82.207354
N: 0 89.236546 74.428297
N: 1 85.601549 0.387976
N: 2 64.336339 71.383216
N: 3 9.996738 2.821536
N: 4 10.544611 72.521276
N: 5 60.852562 59.630771
N: 6 42.250256 69.523898
N: 7 49.691824 61.632766
N: 8 36.576762 2.644784
N: 9 89.463198 44.263748
N: 0 32.838669 68.043201
N: 1 5.597549 67.028352
N: 2 88.226182 48.635232
N: 3 65.012175 4.051830
N: 4 87.432757 39.388123
N: 5 89.309405 49.870946
N: 6 23.029867 94.334127
N: 7 52.136024 44.202951
N: 8 75.204077 73.895940
N: 9 60.438619 32.857269
N: 0 76.693224 31.048510
N: 1 40.891848 7.950418
N: 2 25.872290 33.761296
N: 3 21.409675 96.528808
N: 4 65.420320 93.839033
N: 5 77.619038 33.799768
N: 6 19.142370 81.822646
N: 7 48.551600 22.657228
N: 8 12.054520 75.046138
N: 9 26.164337 39.659425
N: 0 1.759668 58.466735
N: 1 95.763285 82.390940
N: 2 52.253396 98.599016
N: 3 66.779994 76.010317
N: 4 6.562165 66.866415
N: 5 32.372581 0.437494
N: 6 57.242646 20.225452
N: 7 54.426579 7.168426
N: 8 59.726330 17.638996
N: 9 99.132400 21.870329
N: 0 18.627112 51.979026
N: 1 0.710026 86.151119
N: 2 82.932558 94.202464
N: 3 49.497088 88.478363
N: 4 22.968415 21.075581
N: 5 26.748326 31.207028
N: 6 45.243386 35.687138
N: 7 60.866873 62.524268
N: 8 68.884866 45.308478
N: 9 65.103507 56.283068
N: 0 85.173124 75.719053
N: 1 10.898046 47.924827
N: 2 16.697399 54.093160
N: 3 9.184157 58.986771
N: 4 36.700988 84.126854
N: 5 40.699889 73.215303
N: 6 89.373728 89.113622
N: 7 80.724184 44.327564
N: 8 18.838953 71.090897
N: 9 77.120423 14.415397
N: 0 59.312312 54.940625
N: 1 83.075239 92.275074
N: 2 93.785174 0.550823
N: 3 60.005387 60.531572
N: 4 49.087912 17.683028
N: 5 73.339622 78.155265
N: 6 94.098158 53.457776
N: 7 20.831440 82.226390
N: 8 47.918856 46.401473
N: 9 64.280588 58.908161
N: 0 43.353266 24.324253
N: 1 21.640842 28.109966
N: 2 6.187099 43.304625
N: 3 71.346710 55.541516
N: 4 97.387582 0.123449
N: 5 9.372506 32.388605
N: 6 97.955790 21.657199
N: 7 81.176620 8.877885
N: 8 88.048580 5.029504
N: 9 57.383454 52.804247
N: 0 44.183546 4.345177
N: 1 26.415544 68.072416
N: 2 71.314916 22.227321
N: 3 43.693015 95.645609
N: 4 93.874480 58.743427
N: 5 46.285263 79.708231
N: 6 16.225221 11.498427
N: 7 23.573446 94.685654
N: 8 37.377602 11.996989
N: 9 81.417041 47.215286
N: 0 41.999394 6.183384
N: 1 70.423959 71.936623
N: 2 59.543865 52.822866
N: 3 86.286535 22.502669
N: 4 52.164295 97.629834
N: 5 33.732190 96.782290
N: 6 67.852447 20.461143
N: 7 7.193533 49.828586
N: 8 4.257331 40.061032
N: 9 23.241439 76.438499
N: 0 87.086300 38.068389
N: 1 43.570487 3.581542
N: 2 45.272809 86.307210
N: 3 96.699755 33.474274
N: 4 93.669295 75.075546
N: 5 13.590876 52.691027
N: 6 60.642407 84.356398
N: 7 62.011631 7.895282
N: 8 11.760848 54.341264
N: 9 27.820066 49.946765
N: 0 98.748483 49.595225
N: 1 82.256674 34.729556
N: 2 54.598422 56.845152
N: 3 33.540536 99.483571
N: 4 38.227176 92.142915
N: 5 98.160386 37.313816
N: 6 97.126237 14.386828
N: 7 88.698575 85.793758
N: 8 71.732961 80.937890
N: 9 85.628361 4.009691
