0 I 0.000000 50000000.000000
1 I 0.000000 50000000.000000
2 I 0.000000 50000000.000000
3 I 0.000000 50000000.000000
4 I 0.000000 50000000.000000
5 I 0.000000 50000000.000000
6 I 0.000000 50000000.000000
7 I 0.000000 50000000.000000
8 I 0.000000 50000000.000000
9 I 0.000000 50000000.000000
10 I 0.000000 50000000.000000
11 I 0.000000 50000000.000000
12 I 0.000000 50000000.000000
13 I 0.000000 50000000.000000
14 I 0.000000 50000000.000000
15 I 0.000000 50000000.000000
16 I 0.000000 50000000.000000
17 I 0.000000 50000000.000000
18 I 0.000000 50000000.000000
19 I 0.000000 50000000.000000
20 I 0.000000 50000000.000000
21 I 0.000000 50000000.000000
22 I 0.000000 50000000.000000
23 I 0.000000 50000000.000000
24 I 0.000000 50000000.000000
25 I 0.000000 50000000.000000
26 I 0.000000 50000000.000000
27 I 0.000000 50000000.000000
28 I 0.000000 50000000.000000
29 I 0.000000 50000000.000000
30 I 0.000000 50000000.000000
31 I 0.000000 50000000.000000
32 I 0.000000 50000000.000000
33 I 0.000000 50000000.000000
34 I 0.000000 50000000.000000
35 I 0.000000 50000000.000000
36 I 0.000000 50000000.000000
37 I 0.000000 50000000.000000
38 I 0.000000 50000000.000000
39 I 0.000000 50000000.000000
40 I 0.000000 50000000.000000
41 I 0.000000 50000000.000000
42 I 0.000000 50000000.000000
43 I 0.000000 50000000.000000
44 I 0.000000 50000000.000000
45 I 0.000000 50000000.000000
46 I 0.000000 50000000.000000
47 I 0.000000 50000000.000000
48 I 0.000000 50000000.000000
49 I 0.000000 50000000.000000
50 I 0.000000 50000000.000000
51 I 0.000000 50000000.000000
52 I 0.000000 50000000.000000
53 I 0.000000 50000000.000000
54 I 0.000000 50000000.000000
55 I 0.000000 50000000.000000
56 I 0.000000 50000000.000000
57 I 0.000000 50000000.000000
58 I 0.000000 50000000.000000
59 I 0.000000 50000000.000000
60 I 0.000000 50000000.000000
61 I 0.000000 50000000.000000
62 I 0.000000 50000000.000000
63 I 0.000000 50000000.000000
64 I 0.000000 50000000.000000
65 I 0.000000 50000000.000000
66 I 0.000000 50000000.000000
67 I 0.000000 50000000.000000
68 I 0.000000 50000000.000000
69 I 0.000000 50000000.000000
70 I 0.000000 50000000.000000
71 I 0.000000 50000000.000000
72 I 0.000000 50000000.000000
73 I 0.000000 50000000.000000
74 I 0.000000 50000000.000000
75 I 0.000000 50000000.000000
76 I 0.000000 50000000.000000
77 I 0.000000 50000000.000000
78 I 0.000000 50000000.000000
79 I 0.000000 50000000.000000
80 I 0.000000 50000000.000000
81 I 0.000000 50000000.000000
82 I 0.000000 50000000.000000
83 I 0.000000 50000000.000000
84 I 0.000000 50000000.000000
85 I 0.000000 50000000.000000
86 I 0.000000 50000000.000000
87 I 0.000000 50000000.000000
88 I 0.000000 50000000.000000
89 I 0.000000 50000000.000000
90 I 0.000000 50000000.000000
91 I 0.000000 50000000.000000
92 I 0.000000 50000000.000000
93 I 0.000000 50000000.000000
94 I 0.000000 50000000.000000
95 I 0.000000 50000000.000000
96 I 0.000000 50000000.000000
97 I 0.000000 50000000.000000
98 I 0.000000 50000000.000000
99 I 0.000000 50000000.000000
100 I 0.000000 50000000.000000
101 I 0.000000 50000000.000000
102 I 0.000000 50000000.000000
103 I 0.000000 50000000.000000
104 I 0.000000 50000000.000000
105 I 0.000000 50000000.000000
106 I 0.000000 50000000.000000
107 I 0.000000 50000000.000000
108 I 0.000000 50000000.000000
109 I 0.000000 50000000.000000
110 I 0.000000 50000000.000000
111 I 0.000000 50000000.000000
112 I 0.000000 50000000.000000
113 I 0.000000 50000000.000000
114 I 0.000000 50000000.000000
115 I 0.000000 50000000.000000
116 I 0.000000 50000000.000000
117 I 0.000000 50000000.000000
118 I 0.000000 50000000.000000
119 I 0.000000 50000000.000000
120 I 0.000000 50000000.000000
121 I 0.000000 50000000.000000
122 I 0.000000 50000000.000000
123 I 0.000000 50000000.000000
124 I 0.000000 50000000.000000
125 I 0.000000 50000000.000000
126 I 0.000000 50000000.000000
127 I 0.000000 50000000.000000
128 I 0.000000 50000000.000000
129 I 0.000000 50000000.000000
130 I 0.000000 50000000.000000
131 I 0.000000 50000000.000000
132 I 0.000000 50000000.000000
133 I 0.000000 50000000.000000
134 I 0.000000 50000000.000000
135 I 0.000000 50000000.000000
136 I 0.000000 50000000.000000
137 I 0.000000 50000000.000000
138 I 0.000000 50000000.000000
139 I 0.000000 50000000.000000
140 I 0.000000 50000000.000000
141 I 0.000000 50000000.000000
142 I 0.000000 50000000.000000
143 I 0.000000 50000000.000000
144 I 0.000000 50000000.000000
145 I 0.000000 50000000.000000
146 I 0.000000 50000000.000000
147 I 0.000000 50000000.000000
148 I 0.000000 50000000.000000
149 I 0.000000 50000000.000000
150 I 0.000000 50000000.000000
151 I 0.000000 50000000.000000
152 I 0.000000 50000000.000000
153 I 0.000000 50000000.000000
154 I 0.000000 50000000.000000
155 I 0.000000 50000000.000000
156 I 0.000000 50000000.000000
157 I 0.000000 50000000.000000
158 I 0.000000 50000000.000000
159 I 0.000000 50000000.000000
160 I 0.000000 50000000.000000
161 I 0.000000 50000000.000000
162 I 0.000000 50000000.000000
163 I 0.000000 50000000.000000
164 I 0.000000 50000000.000000
165 I 0.000000 50000000.000000
166 I 0.000000 50000000.000000
167 I 0.000000 50000000.000000
168 I 0.000000 50000000.000000
169 I 0.000000 50000000.000000
170 I 0.000000 50000000.000000
171 I 0.000000 50000000.000000
172 I 0.000000 50000000.000000
173 I 0.000000 50000000.000000
174 I 0.000000 50000000.000000
175 I 0.000000 50000000.000000
176 I 0.000000 50000000.000000
177 I 0.000000 50000000.000000
178 I 0.000000 50000000.000000
179 I 0.000000 50000000.000000
180 I 0.000000 50000000.000000
181 I 0.000000 50000000.000000
182 I 0.000000 50000000.000000
183 I 0.000000 50000000.000000
184 I 0.000000 50000000.000000
185 I 0.000000 50000000.000000
186 I 0.000000 50000000.000000
187 I 0.000000 50000000.000000
188 I 0.000000 50000000.000000
189 I 0.000000 50000000.000000
190 I 0.000000 50000000.000000
191 I 0.000000 50000000.000000
192 I 0.000000 50000000.000000
193 I 0.000000 50000000.000000
194 I 0.000000 50000000.000000
195 I 0.000000 50000000.000000
196 I 0.000000 50000000.000000
197 I 0.000000 50000000.000000
198 I 0.000000 50000000.000000
199 I 0.000000 50000000.000000
200 I 0.000000 50000000.000000
201 I 0.000000 50000000.000000
202 I 0.000000 50000000.000000
203 I 0.000000 50000000.000000
204 I 0.000000 50000000.000000
205 I 0.000000 50000000.000000
206 I 0.000000 50000000.000000
207 I 0.000000 50000000.000000
208 I 0.000000 50000000.000000
209 I 0.000000 50000000.000000
210 I 0.000000 50000000.000000
211 I 0.000000 50000000.000000
212 I 0.000000 50000000.000000
213 I 0.000000 50000000.000000
214 I 0.000000 50000000.000000
215 I 0.000000 50000000.000000
216 I 0.000000 50000000.000000
217 I 0.000000 50000000.000000
218 I 0.000000 50000000.000000
219 I 0.000000 50000000.000000
220 I 0.000000 50000000.000000
221 I 0.000000 50000000.000000
222 I 0.000000 50000000.000000
223 I 0.000000 50000000.000000
224 I 0.000000 50000000.000000
225 I 0.000000 50000000.000000
226 I 0.000000 50000000.000000
227 I 0.000000 50000000.000000
228 I 0.000000 50000000.000000
229 I 0.000000 50000000.000000
230 I 0.000000 50000000.000000
231 I 0.000000 50000000.000000
232 I 0.000000 50000000.000000
233 I 0.000000 50000000.000000
234 I 0.000000 50000000.000000
235 I 0.000000 50000000.000000
236 I 0.000000 50000000.000000
237 I 0.000000 50000000.000000
238 I 0.000000 50000000.000000
239 I 0.000000 50000000.000000
240 I 0.000000 50000000.000000
241 I 0.000000 50000000.000000
242 I 0.000000 50000000.000000
243 I 0.000000 50000000.000000
244 I 0.000000 50000000.000000
245 I 0.000000 50000000.000000
246 I 0.000000 50000000.000000
247 I 0.000000 50000000.000000
248 I 0.000000 50000000.000000
249 I 0.000000 50000000.000000
250 I 0.000000 50000000.000000
251 I 0.000000 50000000.000000
252 I 0.000000 50000000.000000
253 I 0.000000 50000000.000000
254 I 0.000000 50000000.000000
255 I 0.000000 50000000.000000
256 I 0.000000 50000000.000000
257 I 0.000000 50000000.000000
258 I 0.000000 50000000.000000
259 I 0.000000 50000000.000000
260 I 0.000000 50000000.000000
261 I 0.000000 50000000.000000
262 I 0.000000 50000000.000000
263 I 0.000000 50000000.000000
264 I 0.000000 50000000.000000
265 I 0.000000 50000000.000000
266 I 0.000000 50000000.000000
267 I 0.000000 50000000.000000
268 I 0.000000 50000000.000000
269 I 0.000000 50000000.000000
270 I 0.000000 50000000.000000
271 I 0.000000 50000000.000000
272 I 0.000000 50000000.000000
273 I 0.000000 50000000.000000
274 I 0.000000 50000000.000000
275 I 0.000000 50000000.000000
276 I 0.000000 50000000.000000
277 I 0.000000 50000000.000000
278 I 0.000000 50000000.000000
279 I 0.000000 50000000.000000
280 I 0.000000 50000000.000000
281 I 0.000000 50000000.000000
282 I 0.000000 50000000.000000
283 I 0.000000 50000000.000000
284 I 0.000000 50000000.000000
285 I 0.000000 50000000.000000
286 I 0.000000 50000000.000000
287 I 0.000000 50000000.000000
288 I 0.000000 50000000.000000
289 I 0.000000 50000000.000000
290 I 0.000000 50000000.000000
291 I 0.000000 50000000.000000
292 I 0.000000 50000000.000000
293 I 0.000000 50000000.000000
294 I 0.000000 50000000.000000
295 I 0.000000 50000000.000000
296 I 0.000000 50000000.000000
297 I 0.000000 50000000.000000
298 I 0.000000 50000000.000000
299 I 0.000000 50000000.000000
300 I 0.000000 50000000.000000
301 I 0.000000 50000000.000000
302 I 0.000000 50000000.000000
303 I 0.000000 50000000.000000
304 I 0.000000 50000000.000000
305 I 0.000000 50000000.000000
306 I 0.000000 50000000.000000
307 I 0.000000 50000000.000000
308 I 0.000000 50000000.000000
309 I 0.000000 50000000.000000
310 I 0.000000 50000000.000000
311 I 0.000000 50000000.000000
312 I 0.000000 50000000.000000
313 I 0.000000 50000000.000000
314 I 0.000000 50000000.000000
315 I 0.000000 50000000.000000
316 I 0.000000 50000000.000000
317 I 0.000000 50000000.000000
318 I 0.000000 50000000.000000
319 I 0.000000 50000000.000000
320 I 0.000000 50000000.000000
321 I 0.000000 50000000.000000
322 I 0.000000 50000000.000000
323 I 0.000000 50000000.000000
324 I 0.000000 50000000.000000
325 I 0.000000 50000000.000000
326 I 0.000000 50000000.000000
327 I 0.000000 50000000.000000
328 I 0.000000 50000000.000000
329 I 0.000000 50000000.000000
330 I 0.000000 50000000.000000
331 I 0.000000 50000000.000000
332 I 0.000000 50000000.000000
333 I 0.000000 50000000.000000
334 I 0.000000 50000000.000000
335 I 0.000000 50000000.000000
336 I 0.000000 50000000.000000
337 I 0.000000 50000000.000000
338 I 0.000000 50000000.000000
339 I 0.000000 50000000.000000
340 I 0.000000 50000000.000000
341 I 0.000000 50000000.000000
342 I 0.000000 50000000.000000
343 I 0.000000 50000000.000000
344 I 0.000000 50000000.000000
345 I 0.000000 50000000.000000
346 I 0.000000 50000000.000000
347 I 0.000000 50000000.000000
348 I 0.000000 50000000.000000
349 I 0.000000 50000000.000000
350 I 0.000000 50000000.000000
351 I 0.000000 50000000.000000
352 I 0.000000 50000000.000000
353 I 0.000000 50000000.000000
354 I 0.000000 50000000.000000
355 I 0.000000 50000000.000000
356 I 0.000000 50000000.000000
357 I 0.000000 50000000.000000
358 I 0.000000 50000000.000000
359 I 0.000000 50000000.000000
360 I 0.000000 50000000.000000
361 I 0.000000 50000000.000000
362 I 0.000000 50000000.000000
363 I 0.000000 50000000.000000
364 I 0.000000 50000000.000000
365 I 0.000000 50000000.000000
366 I 0.000000 50000000.000000
367 I 0.000000 50000000.000000
368 I 0.000000 50000000.000000
369 I 0.000000 50000000.000000
370 I 0.000000 50000000.000000
371 I 0.000000 50000000.000000
372 I 0.000000 50000000.000000
373 I 0.000000 50000000.000000
374 I 0.000000 50000000.000000
375 I 0.000000 50000000.000000
376 I 0.000000 50000000.000000
377 I 0.000000 50000000.000000
378 I 0.000000 50000000.000000
379 I 0.000000 50000000.000000
380 I 0.000000 50000000.000000
381 I 0.000000 50000000.000000
382 I 0.000000 50000000.000000
383 I 0.000000 50000000.000000
384 I 0.000000 50000000.000000
385 I 0.000000 50000000.000000
386 I 0.000000 50000000.000000
387 I 0.000000 50000000.000000
388 I 0.000000 50000000.000000
389 I 0.000000 50000000.000000
390 I 0.000000 50000000.000000
391 I 0.000000 50000000.000000
392 I 0.000000 50000000.000000
393 I 0.000000 50000000.000000
394 I 0.000000 50000000.000000
395 I 0.000000 50000000.000000
396 I 0.000000 50000000.000000
397 I 0.000000 50000000.000000
398 I 0.000000 50000000.000000
399 I 0.000000 50000000.000000
400 I 0.000000 50000000.000000
401 I 0.000000 50000000.000000
402 I 0.000000 50000000.000000
403 I 0.000000 50000000.000000
404 I 0.000000 50000000.000000
405 I 0.000000 50000000.000000
406 I 0.000000 50000000.000000
407 I 0.000000 50000000.000000
408 I 0.000000 50000000.000000
409 I 0.000000 50000000.000000
410 I 0.000000 50000000.000000
411 I 0.000000 50000000.000000
412 I 0.000000 50000000.000000
413 I 0.000000 50000000.000000
0 R 0.000000 49090000.000000
1 R 0.010000 49090000.000000
2 R 0.020000 49090000.000000
3 R 0.030000 49090000.000000
4 R 0.040000 49090000.000000
5 R 0.050000 49090000.000000
6 R 0.060000 49090000.000000
7 R 0.070000 49090000.000000
8 R 0.080000 49090000.000000
9 R 0.090000 49090000.000000
10 R 0.100000 49090000.000000
11 R 0.110000 49090000.000000
12 R 0.120000 49090000.000000
13 R 0.130000 49090000.000000
14 R 0.140000 49090000.000000
15 R 0.150000 49090000.000000
16 R 0.160000 49090000.000000
17 R 0.170000 49090000.000000
18 R 0.180000 49090000.000000
19 R 0.190000 49090000.000000
20 R 0.200000 49090000.000000
21 R 0.210000 49090000.000000
22 R 0.220000 49090000.000000
23 R 0.230000 49090000.000000
24 R 0.240000 49090000.000000
25 R 0.250000 49090000.000000
26 R 0.260000 49090000.000000
27 R 0.270000 49090000.000000
28 R 0.280000 49090000.000000
29 R 0.290000 49090000.000000
30 R 0.300000 49090000.000000
31 R 0.310000 49090000.000000
32 R 0.320000 49090000.000000
33 R 0.330000 49090000.000000
34 R 0.340000 49090000.000000
35 R 0.350000 49090000.000000
36 R 0.360000 49090000.000000
37 R 0.370000 49090000.000000
38 R 0.380000 49090000.000000
39 R 0.390000 49090000.000000
40 R 0.400000 49090000.000000
41 R 0.410000 49090000.000000
42 R 0.420000 49090000.000000
43 R 0.430000 49090000.000000
44 R 0.440000 49090000.000000
45 R 0.450000 49090000.000000
46 R 0.460000 49090000.000000
47 R 0.470000 49090000.000000
48 R 0.480000 49090000.000000
49 R 0.490000 49090000.000000
50 R 0.500000 49090000.000000
51 R 0.510000 49090000.000000
52 R 0.520000 49090000.000000
53 R 0.530000 49090000.000000
54 R 0.540000 49090000.000000
55 R 0.550000 49090000.000000
56 R 0.560000 49090000.000000
57 R 0.570000 49090000.000000
58 R 0.580000 49090000.000000
59 R 0.590000 49090000.000000
60 R 0.600000 49090000.000000
61 R 0.610000 49090000.000000
62 R 0.620000 49090000.000000
63 R 0.630000 49090000.000000
64 R 0.640000 49090000.000000
65 R 0.650000 49090000.000000
66 R 0.660000 49090000.000000
67 R 0.670000 49090000.000000
68 R 0.680000 49090000.000000
69 R 0.690000 49090000.000000
70 R 0.700000 49090000.000000
71 R 0.710000 49090000.000000
72 R 0.720000 49090000.000000
73 R 0.730000 49090000.000000
74 R 0.740000 49090000.000000
75 R 0.750000 49090000.000000
76 R 0.760000 49090000.000000
77 R 0.770000 49090000.000000
78 R 0.780000 49090000.000000
79 R 0.790000 49090000.000000
80 R 0.800000 49090000.000000
81 R 0.810000 49090000.000000
82 R 0.820000 49090000.000000
83 R 0.830000 49090000.000000
84 R 0.840000 49090000.000000
85 R 0.850000 49090000.000000
86 R 0.860000 49090000.000000
87 R 0.870000 49090000.000000
88 R 0.880000 49090000.000000
89 R 0.890000 49090000.000000
90 R 0.900000 49090000.000000
91 R 0.910000 49090000.000000
92 R 0.920000 49090000.000000
93 R 0.930000 49090000.000000
94 R 0.940000 49090000.000000
95 R 0.950000 49090000.000000
96 R 0.960000 49090000.000000
97 R 0.970000 49090000.000000
98 R 0.980000 49090000.000000
99 R 0.990000 49090000.000000
100 R 1.000000 49090000.000000
101 R 1.010000 49090000.000000
102 R 1.020000 49090000.000000
103 R 1.030000 49090000.000000
104 R 1.040000 49090000.000000
105 R 1.050000 49090000.000000
106 R 1.060000 49090000.000000
107 R 1.070000 49090000.000000
108 R 1.080000 49090000.000000
109 R 1.090000 49090000.000000
110 R 1.100000 49090000.000000
111 R 1.110000 49090000.000000
112 R 1.120000 49090000.000000
113 R 1.130000 49090000.000000
114 R 1.140000 49090000.000000
115 R 1.150000 49090000.000000
116 R 1.160000 49090000.000000
117 R 1.170000 49090000.000000
118 R 1.180000 49090000.000000
119 R 1.190000 49090000.000000
120 R 1.200000 49090000.000000
121 R 1.210000 49090000.000000
122 R 1.220000 49090000.000000
123 R 1.230000 49090000.000000
124 R 1.240000 49090000.000000
125 R 1.250000 49090000.000000
126 R 1.260000 49090000.000000
127 R 1.270000 49090000.000000
128 R 1.280000 49090000.000000
129 R 1.290000 49090000.000000
130 R 1.300000 49090000.000000
131 R 1.310000 49090000.000000
132 R 1.320000 49090000.000000
133 R 1.330000 49090000.000000
134 R 1.340000 49090000.000000
135 R 1.350000 49090000.000000
136 R 1.360000 49090000.000000
137 R 1.370000 49090000.000000
138 R 1.380000 49090000.000000
139 R 1.390000 49090000.000000
140 R 1.400000 49090000.000000
141 R 1.410000 49090000.000000
142 R 1.420000 49090000.000000
143 R 1.430000 49090000.000000
144 R 1.440000 49090000.000000
145 R 1.450000 49090000.000000
146 R 1.460000 49090000.000000
147 R 1.470000 49090000.000000
148 R 1.480000 49090000.000000
149 R 1.490000 49090000.000000
150 R 1.500000 49090000.000000
151 R 1.510000 49090000.000000
152 R 1.520000 49090000.000000
153 R 1.530000 49090000.000000
154 R 1.540000 49090000.000000
155 R 1.550000 49090000.000000
156 R 1.560000 49090000.000000
157 R 1.570000 49090000.000000
158 R 1.580000 49090000.000000
159 R 1.590000 49090000.000000
160 R 1.600000 49090000.000000
161 R 1.610000 49090000.000000
162 R 1.620000 49090000.000000
163 R 1.630000 49090000.000000
164 R 1.640000 49090000.000000
165 R 1.650000 49090000.000000
166 R 1.660000 49090000.000000
167 R 1.670000 49090000.000000
168 R 1.680000 49090000.000000
169 R 1.690000 49090000.000000
170 R 1.700000 49090000.000000
171 R 1.710000 49090000.000000
172 R 1.720000 49090000.000000
173 R 1.730000 49090000.000000
174 R 1.740000 49090000.000000
175 R 1.750000 49090000.000000
176 R 1.760000 49090000.000000
177 R 1.770000 49090000.000000
178 R 1.780000 49090000.000000
179 R 1.790000 49090000.000000
180 R 1.800000 49090000.000000
181 R 1.810000 49090000.000000
182 R 1.820000 49090000.000000
183 R 1.830000 49090000.000000
184 R 1.840000 49090000.000000
185 R 1.850000 49090000.000000
186 R 1.860000 49090000.000000
187 R 1.870000 49090000.000000
188 R 1.880000 49090000.000000
189 R 1.890000 49090000.000000
190 R 1.900000 49090000.000000
191 R 1.910000 49090000.000000
192 R 1.920000 49090000.000000
193 R 1.930000 49090000.000000
194 R 1.940000 49090000.000000
195 R 1.950000 49090000.000000
196 R 1.960000 49090000.000000
197 R 1.970000 49090000.000000
198 R 1.980000 49090000.000000
199 R 1.990000 49090000.000000
200 R 2.000000 49090000.000000
201 R 2.010000 49090000.000000
202 R 2.020000 49090000.000000
203 R 2.030000 49090000.000000
204 R 2.040000 49090000.000000
205 R 2.050000 49090000.000000
206 R 2.060000 49090000.000000
207 R 2.070000 49090000.000000
208 R 2.080000 49090000.000000
209 R 2.090000 49090000.000000
210 R 2.100000 49090000.000000
211 R 2.110000 49090000.000000
212 R 2.120000 49090000.000000
213 R 2.130000 49090000.000000
214 R 2.140000 49090000.000000
215 R 2.150000 49090000.000000
216 R 2.160000 49090000.000000
217 R 2.170000 49090000.000000
218 R 2.180000 49090000.000000
219 R 2.190000 49090000.000000
220 R 2.200000 49090000.000000
221 R 2.210000 49090000.000000
222 R 2.220000 49090000.000000
223 R 2.230000 49090000.000000
224 R 2.240000 49090000.000000
225 R 2.250000 49090000.000000
226 R 2.260000 49090000.000000
227 R 2.270000 49090000.000000
228 R 2.280000 49090000.000000
229 R 2.290000 49090000.000000
230 R 2.300000 49090000.000000
231 R 2.310000 49090000.000000
232 R 2.320000 49090000.000000
233 R 2.330000 49090000.000000
234 R 2.340000 49090000.000000
235 R 2.350000 49090000.000000
236 R 2.360000 49090000.000000
237 R 2.370000 49090000.000000
238 R 2.380000 49090000.000000
239 R 2.390000 49090000.000000
240 R 2.400000 49090000.000000
241 R 2.410000 49090000.000000
242 R 2.420000 49090000.000000
243 R 2.430000 49090000.000000
244 R 2.440000 49090000.000000
245 R 2.450000 49090000.000000
246 R 2.460000 49090000.000000
247 R 2.470000 49090000.000000
248 R 2.480000 49090000.000000
249 R 2.490000 49090000.000000
250 R 2.500000 49090000.000000
251 R 2.510000 49090000.000000
252 R 2.520000 49090000.000000
253 R 2.530000 49090000.000000
254 R 2.540000 49090000.000000
255 R 2.550000 49090000.000000
256 R 2.560000 49090000.000000
257 R 2.570000 49090000.000000
258 R 2.580000 49090000.000000
259 R 2.590000 49090000.000000
260 R 2.600000 49090000.000000
261 R 2.610000 49090000.000000
262 R 2.620000 49090000.000000
263 R 2.630000 49090000.000000
264 R 2.640000 49090000.000000
265 R 2.650000 49090000.000000
266 R 2.660000 49090000.000000
267 R 2.670000 49090000.000000
268 R 2.680000 49090000.000000
269 R 2.690000 49090000.000000
270 R 2.700000 49090000.000000
271 R 2.710000 49090000.000000
272 R 2.720000 49090000.000000
273 R 2.730000 49090000.000000
274 R 2.740000 49090000.000000
275 R 2.750000 49090000.000000
276 R 2.760000 49090000.000000
277 R 2.770000 49090000.000000
278 R 2.780000 49090000.000000
279 R 2.790000 49090000.000000
280 R 2.800000 49090000.000000
281 R 2.810000 49090000.000000
282 R 2.820000 49090000.000000
283 R 2.830000 49090000.000000
284 R 2.840000 49090000.000000
285 R 2.850000 49090000.000000
286 R 2.860000 49090000.000000
287 R 2.870000 49090000.000000
288 R 2.880000 49090000.000000
289 R 2.890000 49090000.000000
290 R 2.900000 49090000.000000
291 R 2.910000 49090000.000000
292 R 2.920000 49090000.000000
293 R 2.930000 49090000.000000
294 R 2.940000 49090000.000000
295 R 2.950000 49090000.000000
296 R 2.960000 49090000.000000
297 R 2.970000 49090000.000000
298 R 2.980000 49090000.000000
299 R 2.990000 49090000.000000
54 R 3.000000 48990000.000000
300 R 3.000000 49090000.000000
301 R 3.010000 49090000.000000
302 R 3.020000 49090000.000000
303 R 3.030000 49090000.000000
304 R 3.040000 49090000.000000
305 R 3.050000 49090000.000000
306 R 3.060000 49090000.000000
307 R 3.070000 49090000.000000
308 R 3.080000 49090000.000000
309 R 3.090000 49090000.000000
310 R 3.100000 49090000.000000
311 R 3.110000 49090000.000000
312 R 3.120000 49090000.000000
313 R 3.130000 49090000.000000
314 R 3.140000 49090000.000000
315 R 3.150000 49090000.000000
316 R 3.160000 49090000.000000
317 R 3.170000 49090000.000000
318 R 3.180000 49090000.000000
319 R 3.190000 49090000.000000
320 R 3.200000 49090000.000000
321 R 3.210000 49090000.000000
322 R 3.220000 49090000.000000
323 R 3.230000 49090000.000000
324 R 3.240000 49090000.000000
325 R 3.250000 49090000.000000
326 R 3.260000 49090000.000000
327 R 3.270000 49090000.000000
328 R 3.280000 49090000.000000
329 R 3.290000 49090000.000000
330 R 3.300000 49090000.000000
331 R 3.310000 49090000.000000
332 R 3.320000 49090000.000000
333 R 3.330000 49090000.000000
334 R 3.340000 49090000.000000
335 R 3.350000 49090000.000000
336 R 3.360000 49090000.000000
337 R 3.370000 49090000.000000
338 R 3.380000 49090000.000000
339 R 3.390000 49090000.000000
340 R 3.400000 49090000.000000
341 R 3.410000 49090000.000000
342 R 3.420000 49090000.000000
343 R 3.430000 49090000.000000
344 R 3.440000 49090000.000000
345 R 3.450000 49090000.000000
346 R 3.460000 49090000.000000
347 R 3.470000 49090000.000000
348 R 3.480000 49090000.000000
349 R 3.490000 49090000.000000
350 R 3.500000 49090000.000000
351 R 3.510000 49090000.000000
352 R 3.520000 49090000.000000
353 R 3.530000 49090000.000000
354 R 3.540000 49090000.000000
355 R 3.550000 49090000.000000
356 R 3.560000 49090000.000000
357 R 3.570000 49090000.000000
358 R 3.580000 49090000.000000
359 R 3.590000 49090000.000000
360 R 3.600000 49090000.000000
361 R 3.610000 49090000.000000
362 R 3.620000 49090000.000000
363 R 3.630000 49090000.000000
364 R 3.640000 49090000.000000
365 R 3.650000 49090000.000000
366 R 3.660000 49090000.000000
367 R 3.670000 49090000.000000
368 R 3.680000 49090000.000000
369 R 3.690000 49090000.000000
370 R 3.700000 49090000.000000
371 R 3.710000 49090000.000000
372 R 3.720000 49090000.000000
373 R 3.730000 49090000.000000
374 R 3.740000 49090000.000000
375 R 3.750000 49090000.000000
376 R 3.760000 49090000.000000
377 R 3.770000 49090000.000000
378 R 3.780000 49090000.000000
379 R 3.790000 49090000.000000
380 R 3.800000 49090000.000000
381 R 3.810000 49090000.000000
382 R 3.820000 49090000.000000
383 R 3.830000 49090000.000000
384 R 3.840000 49090000.000000
385 R 3.850000 49090000.000000
386 R 3.860000 49090000.000000
387 R 3.870000 49090000.000000
388 R 3.880000 49090000.000000
389 R 3.890000 49090000.000000
390 R 3.900000 49090000.000000
391 R 3.910000 49090000.000000
392 R 3.920000 49090000.000000
393 R 3.930000 49090000.000000
394 R 3.940000 49090000.000000
395 R 3.950000 49090000.000000
396 R 3.960000 49090000.000000
397 R 3.970000 49090000.000000
398 R 3.980000 49090000.000000
399 R 3.990000 49090000.000000
400 R 4.000000 49090000.000000
401 R 4.010000 49090000.000000
402 R 4.020000 49090000.000000
403 R 4.030000 49090000.000000
404 R 4.040000 49090000.000000
405 R 4.050000 49090000.000000
406 R 4.060000 49090000.000000
407 R 4.070000 49090000.000000
408 R 4.080000 49090000.000000
409 R 4.090000 49090000.000000
410 R 4.100000 49090000.000000
411 R 4.110000 49090000.000000
412 R 4.120000 49090000.000000
413 R 4.130000 49090000.000000
54 R 17.485314 48890000.000000
54 R 26.606884 48790000.000000
54 R 40.489216 48690000.000000
54 R 47.920196 48590000.000000
54 R 55.094263 48490000.000000
54 R 67.689615 48390000.000000
54 R 74.702069 48290000.000000
54 R 84.560639 48190000.000000
54 R 97.321145 48090000.000000
54 R 107.810098 47990000.000000
54 R 117.578552 47890000.000000
54 R 131.961606 47790000.000000
54 R 139.541714 47690000.000000
54 R 144.707785 47590000.000000
54 R 161.847660 47490000.000000
54 R 172.191199 47390000.000000
54 R 176.426794 47290000.000000
54 R 188.467515 47190000.000000
54 R 195.112230 47090000.000000
54 R 208.748556 46990000.000000
54 R 218.737783 46890000.000000
54 R 225.018913 46790000.000000
54 R 237.818046 46690000.000000
54 R 249.466666 46590000.000000
54 R 261.543830 46490000.000000
54 R 269.726645 46390000.000000
54 R 282.511805 46290000.000000
54 R 284.121791 46190000.000000
54 R 296.424886 46090000.000000
54 R 309.563215 45990000.000000
54 R 320.125074 45890000.000000
54 R 331.266693 45790000.000000
54 R 337.974053 45690000.000000
54 R 350.329280 45590000.000000
54 R 360.031932 45490000.000000
54 R 366.597795 45390000.000000
54 R 382.538575 45290000.000000
54 R 388.454313 45190000.000000
54 R 400.888037 45090000.000000
54 R 405.028343 44990000.000000
54 R 417.621122 44890000.000000
54 R 430.416171 44790000.000000
54 R 437.724220 44690000.000000
54 R 448.799359 44590000.000000
54 R 462.503210 44490000.000000
54 R 468.764650 44390000.000000
54 R 481.209677 44290000.000000
54 R 488.930361 44190000.000000
54 R 494.550059 44090000.000000
54 R 506.814253 43990000.000000
54 R 520.710739 43890000.000000
54 R 531.739046 43790000.000000
54 R 533.572445 43690000.000000
54 R 543.039467 43590000.000000
54 R 553.261308 43490000.000000
54 R 572.497739 43390000.000000
54 R 581.286531 43290000.000000
54 R 583.279295 43190000.000000
54 R 601.453390 43090000.000000
54 R 611.296402 42990000.000000
54 R 614.892963 42890000.000000
54 R 628.906750 42790000.000000
54 R 634.166957 42690000.000000
54 R 648.162891 42590000.000000
54 R 657.823133 42490000.000000
54 R 667.605260 42390000.000000
54 R 677.173385 42290000.000000
54 R 684.972813 42190000.000000
54 R 701.131914 42090000.000000
54 R 712.788559 41990000.000000
54 R 713.076913 41890000.000000
54 R 730.837677 41790000.000000
54 R 741.551076 41690000.000000
54 R 747.529993 41590000.000000
54 R 760.666091 41490000.000000
54 R 771.547555 41390000.000000
54 R 779.652095 41290000.000000
54 R 785.022477 41190000.000000
54 R 801.107411 41090000.000000
54 R 808.527836 40990000.000000
54 R 821.359285 40890000.000000
54 R 831.147102 40790000.000000
54 R 837.842529 40690000.000000
54 R 846.859385 40590000.000000
54 R 855.749984 40490000.000000
54 R 863.870446 40390000.000000
54 R 882.969411 40290000.000000
54 R 883.195230 40190000.000000
54 R 900.378229 40090000.000000
54 R 909.599948 39990000.000000
54 R 920.862333 39890000.000000
54 R 927.841711 39790000.000000
54 R 941.164054 39690000.000000
54 R 951.285362 39590000.000000
54 R 958.019332 39490000.000000
54 R 968.404650 39390000.000000
54 R 977.612400 39290000.000000
54 R 988.711841 39190000.000000
54 R 994.110669 39090000.000000
54 R 1012.160474 38990000.000000
54 R 1019.140890 38890000.000000
54 R 1026.090791 38790000.000000
54 R 1037.104131 38690000.000000
54 R 1050.196897 38590000.000000
54 R 1055.300343 38490000.000000
54 R 1072.003290 38390000.000000
54 R 1080.315458 38290000.000000
54 R 1088.761833 38190000.000000
54 R 1095.727710 38090000.000000
54 R 1110.778681 37990000.000000
54 R 1113.379118 37890000.000000
54 R 1128.798657 37790000.000000
54 R 1133.057411 37690000.000000
54 R 1151.332895 37590000.000000
54 R 1155.602866 37490000.000000
54 R 1172.094990 37390000.000000
54 R 1177.709396 37290000.000000
54 R 1192.248223 37190000.000000
54 R 1198.910530 37090000.000000
54 R 1203.324428 36990000.000000
54 R 1222.951662 36890000.000000
54 R 1231.197073 36790000.000000
54 R 1241.285938 36690000.000000
54 R 1245.521454 36590000.000000
54 R 1258.976268 36490000.000000
54 R 1263.846601 36390000.000000
54 R 1275.408819 36290000.000000
54 R 1286.063262 36190000.000000
54 R 1302.066305 36090000.000000
54 R 1312.918681 35990000.000000
54 R 1315.018327 35890000.000000
54 R 1331.662577 35790000.000000
54 R 1337.131997 35690000.000000
54 R 1349.418691 35590000.000000
54 R 1361.109032 35490000.000000
54 R 1365.425367 35390000.000000
54 R 1381.783686 35290000.000000
54 R 1387.493419 35190000.000000
54 R 1401.808235 35090000.000000
54 R 1403.378610 34990000.000000
54 R 1420.149560 34890000.000000
54 R 1424.594903 34790000.000000
54 R 1438.992739 34690000.000000
54 R 1444.112510 34590000.000000
54 R 1458.358777 34490000.000000
54 R 1470.493160 34390000.000000
54 R 1482.366833 34290000.000000
54 R 1492.311682 34190000.000000
54 R 1496.498765 34090000.000000
54 R 1504.063228 33990000.000000
54 R 1518.546395 33890000.000000
54 R 1526.796106 33790000.000000
54 R 1540.162367 33690000.000000
54 R 1544.894811 33590000.000000
54 R 1553.604531 33490000.000000
54 R 1571.217405 33390000.000000
54 R 1577.375916 33290000.000000
54 R 1587.376243 33190000.000000
54 R 1601.305852 33090000.000000
54 R 1607.818193 32990000.000000
54 R 1619.161806 32890000.000000
54 R 1628.119726 32790000.000000
54 R 1640.471212 32690000.000000
54 R 1647.413040 32590000.000000
54 R 1660.253312 32490000.000000
54 R 1663.184785 32390000.000000
54 R 1675.295528 32290000.000000
54 R 1683.245332 32190000.000000
54 R 1694.355886 32090000.000000
54 R 1704.061050 31990000.000000
54 R 1719.827325 31890000.000000
54 R 1729.733101 31790000.000000
54 R 1741.933643 31690000.000000
54 R 1743.380837 31590000.000000
54 R 1757.884433 31490000.000000
54 R 1768.098435 31390000.000000
54 R 1780.950812 31290000.000000
54 R 1786.099696 31190000.000000
54 R 1798.948592 31090000.000000
54 R 1809.908625 30990000.000000
54 R 1819.522447 30890000.000000
54 R 1826.882504 30790000.000000
54 R 1841.277550 30690000.000000
54 R 1851.036839 30590000.000000
54 R 1853.174421 30490000.000000
54 R 1871.218311 30390000.000000
54 R 1873.302840 30290000.000000
54 R 1892.747995 30190000.000000
54 R 1902.018324 30090000.000000
54 R 1904.191580 29990000.000000
54 R 1914.446757 29890000.000000
54 R 1925.165215 29790000.000000
54 R 1941.887329 29690000.000000
54 R 1951.852600 29590000.000000
54 R 1960.480331 29490000.000000
54 R 1963.520562 29390000.000000
54 R 1975.329805 29290000.000000
54 R 1989.713605 29190000.000000
54 R 1994.866555 29090000.000000
