N: 0 89.486298 127.521088
N: 1 124.868294 139.633209
N: 2 0.023623 93.431503
N: 3 120.968513 77.909790
N: 4 175.720856 153.836197
N: 5 43.155479 82.440056
N: 6 19.571640 125.709991
N: 7 8.029912 96.126183
N: 8 68.550209 69.819946
N: 9 120.836082 51.226814
N: 10 195.811874 192.595322
N: 11 96.560417 134.678589
N: 12 29.988201 105.138931
N: 13 62.605354 151.333435
N: 14 120.196053 10.040151
N: 15 153.005386 147.276123
N: 16 14.637981 8.720375
N: 17 121.535194 180.581421
N: 18 66.178711 0.361900
N: 19 124.692673 8.316147
N: 20 30.040703 178.041580
N: 21 55.421978 96.285980
N: 22 176.769348 118.510971
N: 23 144.575317 151.972900
N: 24 107.876289 109.134727
N: 25 189.494263 131.303925
N: 26 132.077118 58.819889
N: 27 117.724625 176.337402
N: 28 136.797470 99.338181
N: 29 48.761639 3.648410
N: 30 172.629532 199.264664
N: 31 177.854965 82.139893
N: 32 57.678421 184.825684
N: 33 73.285873 114.201859
N: 34 4.246288 90.269630
N: 35 152.161713 65.585968
N: 36 172.059113 144.944626
N: 37 179.655777 77.058220
N: 38 160.249557 145.086929
N: 39 22.753218 34.837860
N: 40 164.566803 55.394691
N: 41 181.946762 177.025909
N: 42 46.791939 38.782001
N: 43 22.958448 69.671852
N: 44 90.095802 122.277924
N: 45 135.446762 198.822662
N: 46 147.083313 172.856308
N: 47 56.791248 93.843323
N: 48 26.526745 179.051849
N: 49 116.429245 122.493507
N: 50 110.297882 12.538468
N: 51 179.852646 79.690468
N: 52 143.766724 78.416489
N: 53 1.255003 29.583111
N: 54 100.942711 153.775055
N: 55 129.952362 154.508133
N: 56 189.891464 61.166851
N: 57 58.083817 14.593818
N: 58 34.468819 26.952473
N: 59 145.730865 28.222849
N: 60 45.170723 34.041874
N: 61 14.477130 146.260559
N: 62 174.906281 194.380936
N: 63 161.563095 11.900410
N: 64 44.758354 138.601303
N: 65 114.173164 173.173889
N: 66 20.304464 48.571972
N: 67 117.025208 146.617203
N: 68 20.828098 43.161606
N: 69 126.315613 118.282471
N: 70 51.758743 168.340576
N: 71 169.205582 12.226605
N: 72 64.936455 39.822227
N: 73 120.417252 156.806122
N: 74 171.804825 39.763325
N: 75 46.141235 35.551598
N: 76 61.393826 78.613403
N: 77 70.339546 22.090834
N: 78 107.962029 99.023811
N: 79 29.661118 167.534912
N: 80 92.425247 120.796860
N: 81 0.569774 33.936901
N: 82 107.206779 104.176331
N: 83 105.917229 48.877979
N: 84 65.901901 43.350525
N: 85 38.076641 93.931435
N: 86 97.157448 92.859497
N: 87 71.885078 33.699852
N: 88 166.424667 176.668640
N: 89 183.025833 42.316559
N: 90 139.751923 32.990620
N: 91 36.114643 90.747421
N: 92 180.541000 7.508424
N: 93 61.636585 20.924450
N: 94 53.199123 123.472420
N: 95 2.012971 51.688152
N: 96 196.876328 29.214535
N: 97 174.460800 136.710571
N: 98 127.985619 151.943176
N: 99 71.939873 126.016594
N: 100 31.961325 171.252686
N: 101 3.365531 170.416229
N: 102 112.718742 166.601517
N: 103 60.397793 52.105881
N: 104 182.536087 90.083519
N: 105 190.500549 124.891930
N: 106 95.587334 169.137238
N: 107 154.597198 103.935539
N: 108 155.112778 53.408131
N: 109 52.531898 57.612385
N: 110 157.221436 185.799316
N: 111 110.678658 23.026800
N: 112 73.577721 199.816376
N: 113 143.422836 91.914909
N: 114 120.732185 123.632347
N: 115 123.873009 195.116653
N: 116 115.614326 5.869254
N: 117 29.043438 151.492035
N: 118 174.713043 68.912712
N: 119 160.880630 41.101997
N: 120 178.728043 42.646702
N: 121 86.889969 12.669918
N: 122 194.983795 134.815704
N: 123 192.751328 41.784935
N: 124 26.654654 153.791855
N: 125 194.195496 119.003448
N: 126 40.858467 15.344875
N: 127 16.545853 65.950737
N: 128 16.933075 37.083225
N: 129 17.712723 52.719730
N: 130 151.718338 52.554768
N: 131 4.060493 121.309448
N: 132 160.424011 61.565937
N: 133 68.450562 7.540762
N: 134 19.671490 74.098480
N: 135 165.895859 97.832596
N: 136 113.555588 2.273279
N: 137 134.645508 57.416897
N: 138 164.079895 108.131050
N: 139 169.151154 123.016113
N: 140 154.077377 24.569870
N: 141 156.249084 65.702095
N: 142 83.735619 132.600159
N: 143 197.025208 198.600830
N: 144 41.103882 100.147614
N: 145 54.212780 129.302429
N: 146 112.466988 65.955238
N: 147 188.605499 38.281670
N: 148 110.228867 86.705780
N: 149 77.851463 102.328857
N: 150 153.956345 56.306248
N: 151 47.126343 75.936966
N: 152 4.491749 153.346390
N: 153 83.566734 193.785736
N: 154 121.550407 176.063522
N: 155 54.977722 63.908936
N: 156 91.977295 83.716202
N: 157 8.211383 83.826248
N: 158 158.844559 79.089706
N: 159 183.745682 130.866745
N: 160 70.829788 38.926495
N: 161 50.376179 53.105824
N: 162 166.822327 27.395201
N: 163 37.565792 18.783300
N: 164 112.463135 12.281980
N: 165 122.880333 69.765144
N: 166 13.331263 144.408356
N: 167 18.070932 68.557129
N: 168 143.747864 57.850021
N: 169 189.746735 28.573660
N: 170 50.676559 1.851493
N: 171 149.214386 173.810440
N: 172 118.956612 24.901430
N: 173 150.943420 186.765076
N: 174 17.113506 97.254326
N: 175 50.249794 172.394791
N: 176 182.248917 180.254089
N: 177 188.172241 91.095940
N: 178 48.020191 29.135633
N: 179 195.149109 195.135391
N: 180 71.477097 150.550720
N: 181 134.986359 140.658630
N: 182 172.531601 26.884802
N: 183 46.739716 141.345627
N: 184 164.093918 66.501846
N: 185 84.517395 179.979980
N: 186 121.416367 142.374222
N: 187 103.842056 100.642662
N: 188 15.943754 41.125519
N: 189 98.093834 166.936874
N: 190 121.977531 60.333950
N: 191 149.689041 190.595688
N: 192 93.718170 164.014725
N: 193 128.031723 10.019863
N: 194 5.758374 134.519791
N: 195 39.908417 129.737869
N: 196 51.857403 43.663937
N: 197 117.878998 119.476288
N: 198 4.834723 106.706139
N: 199 18.349360 115.473320
N: 200 154.678802 179.886002
N: 201 93.394691 66.863960
N: 202 62.474957 15.534682
N: 203 199.034561 26.410393
N: 204 94.513664 98.350616
N: 205 107.544243 197.546768
N: 206 133.948898 52.250420
N: 207 102.519112 18.652447
N: 208 106.633537 29.275579
N: 209 152.792160 90.663506
N: 210 3.266909 170.356079
N: 211 184.937225 35.577393
N: 212 131.747360 162.302185
N: 213 3.973308 11.100932
N: 214 191.630356 106.216217
N: 215 148.018417 0.637264
N: 216 26.850679 159.585953
N: 217 5.024041 148.002625
N: 218 183.374863 117.642372
N: 219 68.353973 112.709061
N: 220 75.208115 59.133884
N: 221 62.854496 84.344666
N: 222 45.187366 197.490311
N: 223 34.195236 113.528084
N: 224 96.250412 150.419571
N: 225 161.643188 192.109451
N: 226 164.378403 169.300781
N: 227 28.064939 46.735104
N: 228 106.167267 54.307442
N: 229 160.835266 97.588951
N: 230 81.990875 122.015015
N: 231 43.462654 78.068451
N: 232 129.977264 89.317268
N: 233 90.125587 11.348581
N: 234 46.526360 90.796127
N: 235 73.945831 196.232498
N: 236 15.856003 56.260273
N: 237 4.707994 167.382935
N: 238 164.070480 140.987717
N: 239 62.867523 63.973526
N: 240 152.503906 23.278114
N: 241 114.071800 65.994759
N: 242 70.598366 62.240971
N: 243 152.052124 138.894470
N: 244 40.334721 143.315857
N: 245 147.627045 64.928192
N: 246 102.241592 129.841476
N: 247 17.690317 33.539673
N: 248 117.266144 186.060410
N: 249 170.439545 113.287796
N: 250 189.297729 40.266930
N: 251 131.734558 134.280777
N: 252 89.893684 116.375389
N: 253 112.357040 72.774323
N: 254 149.763916 178.007111
N: 255 37.076225 148.535370
N: 256 70.829170 101.263962
N: 257 123.807716 120.768761
N: 258 108.175468 20.677269
N: 259 174.785858 99.849136
N: 260 72.984917 177.390671
N: 261 121.552391 179.795715
N: 262 15.531107 139.456284
N: 263 51.697506 140.373276
N: 264 61.585094 61.193607
N: 265 137.671478 167.897430
N: 266 96.085640 101.880730
N: 267 186.618713 0.268019
N: 268 14.685295 33.618256
N: 269 135.068115 114.449677
N: 270 96.791763 34.026104
N: 271 123.447083 143.563690
N: 272 92.981689 81.504005
N: 273 2.768688 35.950916
N: 274 65.171913 49.106644
N: 275 49.475002 150.010635
N: 276 69.690987 127.654900
N: 277 94.301865 116.315659
N: 278 31.401598 199.524719
N: 279 7.163431 92.449066
N: 280 21.282404 31.625633
N: 281 122.437607 186.203659
N: 282 20.385397 59.401245
N: 283 137.666306 129.230194
N: 284 129.843033 93.254150
N: 285 73.567215 145.915848
N: 286 69.606880 94.618324
N: 287 44.386635 181.219925
N: 288 97.857613 40.972092
N: 289 55.005775 26.388567
N: 290 178.533707 27.405270
N: 291 14.845577 12.916324
N: 292 126.184273 136.924286
N: 293 38.498199 32.817001
N: 294 165.359146 52.499405
N: 295 89.145775 87.212006
N: 296 56.007156 80.928612
N: 297 113.210175 165.439468
N: 298 56.861294 11.912793
N: 299 13.310159 13.332924
N: 300 125.547470 45.307430
N: 301 111.485130 62.013439
N: 302 87.161156 85.336159
N: 303 165.777512 57.484589
N: 304 42.314053 22.621838
N: 305 120.648682 156.514786
N: 306 31.161001 3.211304
N: 307 195.336014 35.737083
N: 308 121.674690 118.339996
N: 309 44.141602 98.591408
N: 310 48.444054 39.503208
N: 311 158.775970 158.680130
N: 312 92.529564 70.470848
N: 313 25.262701 28.302481
N: 314 63.416904 91.203072
N: 315 196.543152 47.379349
N: 316 20.867928 128.194305
N: 317 196.802811 150.674622
N: 318 157.475845 1.593595
N: 319 34.673782 190.165131
N: 320 51.989399 71.519424
N: 321 69.851089 104.606201
N: 322 98.978378 134.307709
N: 323 51.292469 159.785217
N: 324 122.170998 4.001504
N: 325 125.055054 70.651047
N: 326 186.801117 55.211964
N: 327 95.954514 160.452286
N: 328 40.561272 0.549616
N: 329 19.615324 12.212757
N: 330 33.265415 29.146004
N: 331 100.113586 124.317879
N: 332 192.082687 142.355698
N: 333 73.296600 94.680984
N: 334 162.211899 88.549049
N: 335 166.996216 26.903786
N: 336 162.123642 120.976456
N: 337 146.735931 177.040771
N: 338 148.005188 81.005051
N: 339 79.164192 141.022217
N: 340 33.801132 43.599365
N: 341 75.329643 120.486359
N: 342 71.249985 152.737366
N: 343 12.046303 198.716003
N: 344 158.575684 121.524017
N: 345 71.980110 108.570610
N: 346 116.999916 175.084534
N: 347 91.720467 80.750038
N: 348 50.999416 173.889999
N: 349 161.983643 23.421303
N: 350 191.240265 70.988174
N: 351 85.227654 103.185310
N: 352 108.378654 128.682709
N: 353 163.340714 172.555603
N: 354 81.425858 48.524361
N: 355 161.698792 20.566589
N: 356 106.132500 153.048050
N: 357 175.769867 110.823929
N: 358 136.855469 198.509720
N: 359 112.575928 115.255241
N: 360 69.628273 94.947739
N: 361 191.706360 152.014435
N: 362 94.663719 163.213455
N: 363 69.208809 192.438263
N: 364 173.275360 168.185959
N: 365 92.567131 14.649398
N: 366 127.212135 33.206642
N: 367 6.108258 150.344849
N: 368 167.658569 62.838978
N: 369 143.562866 96.504814
N: 370 36.660179 79.379883
N: 371 168.137558 45.201660
N: 372 85.492317 113.118729
N: 373 150.338928 122.384247
N: 374 172.497803 177.160767
N: 375 9.923001 20.458281
N: 376 27.176855 4.701903
N: 377 90.725937 159.678467
N: 378 97.820702 29.962187
N: 379 85.765007 119.813744
N: 380 76.737755 153.555420
N: 381 84.881630 46.241909
N: 382 80.129410 148.892990
N: 383 178.330902 53.575718
N: 384 48.930012 138.289917
N: 385 17.105013 125.117279
N: 386 132.433640 195.761948
N: 387 4.410760 37.883404
N: 388 18.287912 18.072147
N: 389 172.604095 30.639557
N: 390 180.443039 146.406540
N: 391 86.017433 76.325455
N: 392 30.901964 18.127863
N: 393 102.498528 120.450699
N: 394 181.625549 181.377625
N: 395 25.112062 103.484177
N: 396 49.704098 114.866173
N: 397 180.338394 197.956131
N: 398 71.914841 61.011406
N: 399 70.236397 59.937256
N: 400 34.042469 102.656799
N: 401 163.420273 19.754477
N: 402 65.847748 191.919708
N: 403 113.333000 18.248238
N: 404 104.327019 174.291351
N: 405 122.181946 132.571655
N: 406 85.913261 41.930103
N: 407 105.034782 129.477020
N: 408 192.527115 97.160019
N: 409 150.957047 34.230572
N: 410 146.894150 10.506948
N: 411 126.704987 9.741647
N: 412 29.302460 117.174751
N: 413 123.370697 103.187798
