N: 0 5,000000 6,000000
N: 1 10,000000 17,000000
N: 2 12,000000 34,000000
N: 3 0,000000 48,000000
N: 4 2,000000 71,000000
N: 5 2,000000 87,000000
N: 6 18,000000 2,000000
N: 7 20,000000 23,000000
N: 8 19,000000 31,000000
N: 9 15,000000 53,000000
N: 10 17,000000 70,000000
N: 11 18,000000 81,000000
N: 12 32,000000 11,000000
N: 13 41,000000 24,000000
N: 14 43,000000 44,000000
N: 15 32,000000 53,000000
N: 16 32,000000 72,000000
N: 17 33,000000 77,000000
N: 18 48,000000 11,000000
N: 19 54,000000 29,000000
N: 20 59,000000 38,000000
N: 21 55,000000 51,000000
N: 22 51,000000 69,000000
N: 23 54,000000 76,000000
N: 24 71,000000 0,000000
N: 25 62,000000 22,000000
N: 26 74,000000 30,000000
N: 27 66,000000 51,000000
N: 28 63,000000 73,000000
N: 29 60,000000 89,000000
N: 30 85,000000 2,000000
N: 31 77,000000 25,000000
N: 32 89,000000 40,000000
N: 33 86,000000 58,000000
N: 34 84,000000 69,000000
N: 35 89,000000 85,000000
