N: 0 17.000000 6.000000
N: 1 18.000000 34.000000
N: 2 20.000000 74.000000
N: 3 9.000000 88.000000
N: 4 11.000000 113.000000
N: 5 12.000000 136.000000
N: 6 17.000000 159.000000
N: 7 20.000000 173.000000
N: 8 41.000000 11.000000
N: 9 38.000000 39.000000
N: 10 34.000000 57.000000
N: 11 40.000000 90.000000
N: 12 31.000000 109.000000
N: 13 38.000000 136.000000
N: 14 34.000000 156.000000
N: 15 39.000000 182.000000
N: 16 66.000000 16.000000
N: 17 58.000000 33.000000
N: 18 58.000000 56.000000
N: 19 57.000000 86.000000
N: 20 56.000000 115.000000
N: 21 67.000000 131.000000
N: 22 65.000000 159.000000
N: 23 62.000000 183.000000
N: 24 87.000000 18.000000
N: 25 81.000000 38.000000
N: 26 85.000000 67.000000
N: 27 82.000000 90.000000
N: 28 86.000000 116.000000
N: 29 92.000000 132.000000
N: 30 92.000000 161.000000
N: 31 92.000000 181.000000
N: 32 113.000000 17.000000
N: 33 106.000000 38.000000
N: 34 106.000000 62.000000
N: 35 115.000000 82.000000
N: 36 110.000000 109.000000
N: 37 116.000000 131.000000
N: 38 111.000000 158.000000
N: 39 107.000000 181.000000
N: 40 139.000000 11.000000
N: 41 133.000000 38.000000
N: 42 132.000000 63.000000
N: 43 135.000000 92.000000
N: 44 137.000000 107.000000
N: 45 134.000000 132.000000
N: 46 136.000000 164.000000
N: 47 138.000000 185.000000
N: 48 156.000000 11.000000
N: 49 160.000000 40.000000
N: 50 156.000000 59.000000
N: 51 165.000000 85.000000
N: 52 161.000000 110.000000
N: 53 162.000000 138.000000
N: 54 163.000000 162.000000
N: 55 156.000000 191.000000
N: 56 177.000000 17.000000
N: 57 186.000000 36.000000
N: 58 181.000000 57.000000
N: 59 181.000000 81.000000
N: 60 186.000000 108.000000
N: 61 185.000000 132.000000
N: 62 186.000000 167.000000
N: 63 172.000000 192.000000
G: 35 34
G: 35 34
G: 35 36
G: 35 36
G: 35 42
G: 35 42
G: 35 43
G: 35 43
G: 34 26
G: 34 26
G: 34 33
G: 34 33
G: 36 28
G: 36 28
G: 36 37
G: 36 37
G: 36 44
G: 36 44
G: 42 41
G: 42 41
G: 42 50
G: 42 50
G: 26 18
G: 26 18
G: 26 27
G: 26 27
G: 33 25
G: 33 25
G: 33 32
G: 33 32
G: 28 21
G: 28 21
G: 28 29
G: 28 29
G: 37 38
G: 37 38
G: 37 45
G: 37 45
G: 44 52
G: 44 52
G: 41 40
G: 41 49
G: 41 49
G: 50 51
G: 50 51
G: 50 58
G: 50 58
G: 18 10
G: 18 10
G: 18 17
G: 18 17
G: 27 19
G: 27 19
G: 25 24
G: 21 20
G: 21 20
G: 21 22
G: 21 22
G: 29 30
G: 29 30
G: 38 39
G: 38 46
G: 38 46
G: 45 53
G: 45 53
G: 52 60
G: 52 60
G: 49 48
G: 49 56
G: 49 57
G: 51 59
G: 10 2
G: 10 2
G: 10 9
G: 10 9
G: 17 8
G: 17 8
G: 17 16
G: 19 11
G: 19 11
G: 20 12
G: 20 12
G: 20 13
G: 20 13
G: 22 23
G: 22 23
G: 30 31
G: 46 47
G: 46 47
G: 46 54
G: 46 54
G: 53 61
G: 2 3
G: 2 3
G: 9 1
G: 9 1
G: 8 0
G: 8 0
G: 12 4
G: 12 4
G: 13 5
G: 13 5
G: 13 14
G: 13 14
G: 23 15
G: 23 15
G: 47 55
G: 47 55
G: 54 62
G: 54 62
G: 14 6
G: 14 7
G: 55 63
G: 55 63
